3548.11630234 2104.51386469 1654.03063497 172.342469215 1500.0 1500.0 1.75929188601
3643.39628602 2082.72861288 1644.84700273 170.537894061 1500.0 1400.0 1.88495559215
3654.20621256 2058.97840513 1650.66981547 171.388013535 1400.0 1500.0 1.88495559215
3751.10904939 2036.50611098 1641.80359296 168.960190008 1400.0 1400.0 2.0106192983
3762.08760688 2082.15228334 1647.00039951 175.986406366 1500.0 1400.0 2.0106192983
3762.9814834 2016.57053759 1645.33963806 168.860658638 1300.0 1500.0 2.0106192983
3772.49910774 2058.33478443 1653.01626862 176.885378354 1400.0 1500.0 2.0106192983
3862.87682593 2062.6477334 1635.34970578 171.914265445 1500.0 1300.0 2.13628300444
3870.8658958 2035.92568929 1643.60729802 173.824835953 1400.0 1400.0 2.13628300444
3882.25384132 2016.13461165 1647.23311994 173.740056197 1300.0 1500.0 2.13628300444
3972.96755595 2015.55444602 1632.52391381 169.336170106 1400.0 1300.0 2.26194671058
3983.39580209 2062.31592806 1636.77609979 176.394129995 1500.0 1300.0 2.26194671058
3981.99364458 1992.57776804 1638.63075204 170.263632086 1300.0 1400.0 2.26194671058
3994.09145446 1977.88748425 1639.31499273 169.058867969 1200.0 1500.0 2.26194671058
4088.55354644 2045.33974183 1623.27636208 170.244636701 1500.0 1200.0 2.38761041673
4094.35646857 2015.13579237 1633.74307753 173.35094157 1400.0 1300.0 2.38761041673
4103.08168066 1992.1119646 1639.97515509 174.316604674 1300.0 1400.0 2.38761041673
4114.69697747 1977.68682553 1640.65700492 173.096336094 1200.0 1500.0 2.38761041673
4210.45395521 2045.21896277 1624.1996931 173.927913885 1500.0 1200.0 2.51327412287
4207.37854151 1970.62105265 1629.46526737 169.056483526 1300.0 1300.0 2.51327412287
4216.14259662 2014.73312815 1634.85154024 177.119015157 1400.0 1300.0 2.51327412287
4216.8424888 1952.55162105 1632.90593528 168.874140075 1200.0 1400.0 2.51327412287
4235.75939565 1977.47508514 1641.87835985 176.886285898 1200.0 1500.0 2.51327412287
4323.20871349 1996.98246571 1621.71133246 170.274461328 1400.0 1200.0 2.63893782902
4332.71384109 2045.08637292 1625.04112014 177.390651189 1500.0 1200.0 2.63893782902
4329.81267976 1970.22689213 1630.40218173 172.425242501 1300.0 1300.0 2.63893782902
4338.95349771 1952.23548442 1633.89172235 172.251514987 1200.0 1400.0 2.63893782902
4350.61350825 1944.2338728 1631.05128842 169.711611193 1100.0 1500.0 2.63893782902
4442.12393133 2030.79442232 1610.05170991 168.882680033 1500.0 1100.0 2.76460153516
4446.12427759 1996.73659659 1622.4473141 173.393945316 1400.0 1200.0 2.76460153516
4452.55284016 1969.84930374 1631.26062899 175.597727017 1300.0 1300.0 2.76460153516
4461.39313353 1951.9266631 1634.7954001 175.432280471 1200.0 1400.0 2.76460153516
4472.63071919 1944.22063011 1631.89484089 172.854547911 1100.0 1500.0 2.76460153516
4565.36181556 2030.81527611 1610.58455488 171.734508304 1500.0 1100.0 2.8902652413
4561.23457339 1950.93449678 1618.91449982 168.297773435 1300.0 1200.0 2.8902652413
4569.31024451 1996.49574975 1623.12312714 176.336233358 1400.0 1200.0 2.8902652413
4568.35878448 1928.85066942 1625.17184866 169.304802372 1200.0 1300.0 2.8902652413
4594.97825856 1944.18740359 1632.67028035 175.819342449 1100.0 1500.0 2.8902652413
4688.84955089 2030.81841067 1611.07473878 174.428341887 1500.0 1100.0 3.01592894745
4684.91709187 1950.65875291 1619.50054123 170.941093001 1300.0 1200.0 3.01592894745
4691.8382047 1928.54498107 1625.82715473 171.974324214 1200.0 1300.0 3.01592894745
4700.90946627 1916.84676809 1625.91833694 170.466440868 1100.0 1400.0 3.01592894745
4804.14880995 1981.2948399 1609.0582972 169.862822025 1400.0 1100.0 3.14159265359
4812.56478585 2030.80694639 1611.52710013 176.976684581 1500.0 1100.0 3.14159265359
4808.80913077 1950.39305321 1620.04218084 173.441710552 1300.0 1200.0 3.14159265359
4815.53851753 1928.25055899 1626.43333625 174.49980955 1200.0 1300.0 3.14159265359
4824.32933141 1916.68108763 1626.51646129 172.977814731 1100.0 1400.0 3.14159265359
4835.17554726 1916.33612574 1619.7292226 168.841756435 1000.0 1500.0 3.14159265359
4928.33179162 1981.18002231 1609.46322651 172.17261539 1400.0 1100.0 3.26725635973
4932.89336109 1950.13691444 1620.54420946 175.810649018 1300.0 1200.0 3.26725635973
4939.44145555 1927.96684624 1626.99565253 176.89236751 1200.0 1300.0 3.26725635973
4947.96966167 1916.51479467 1627.07129244 175.357048208 1100.0 1400.0 3.26725635973
4958.47307378 1916.43504032 1620.20560403 171.169885161 1000.0 1500.0 3.26725635973
5050.14064213 2019.15183082 1595.95955661 168.165009388 1500.0 1000.0 3.39292006588
5052.68865173 1981.06379316 1609.8391071 174.363652443 1400.0 1100.0 3.39292006588
5050.62753833 1907.5622658 1615.59239469 168.789464484 1200.0 1200.0 3.39292006588
5057.68433312 1891.35610274 1618.78821505 168.484396572 1100.0 1300.0 3.39292006588
5071.81244444 1916.3486798 1627.58732456 177.614089408 1100.0 1400.0 3.39292006588
5081.99546521 1916.51299734 1620.6483053 173.378462018 1000.0 1500.0 3.39292006588
5174.67965037 2019.22437601 1596.21952001 170.162386541 1500.0 1000.0 3.51858377202
5170.16708517 1933.86675617 1607.05514753 168.386436692 1300.0 1100.0 3.51858377202
5177.20552543 1980.94685652 1610.18890908 176.444707016 1400.0 1100.0 3.51858377202
5175.22427661 1907.32712913 1615.99224978 170.805492842 1200.0 1200.0 3.51858377202
5182.09146921 1891.15433981 1619.20977926 170.503715383 1100.0 1300.0 3.51858377202
5205.72443229 1916.57293226 1621.06075274 175.476279764 1000.0 1500.0 3.51858377202
5299.36874664 2019.2825252 1596.46177748 172.061794971 1500.0 1000.0 3.64424747816
5295.02256883 1933.70682313 1607.36707032 170.26895389 1300.0 1100.0 3.64424747816
5299.9624912 1907.10067357 1616.36567079 172.722693031 1200.0 1200.0 3.64424747816
5306.65036743 1890.95805584 1619.6036399 172.424059278 1100.0 1300.0 3.64424747816
5315.08360082 1886.73215806 1615.72418333 169.322004426 1000.0 1400.0 3.64424747816
5329.64365943 1916.61733441 1621.4459257 177.471306658 1000.0 1500.0 3.64424747816
5424.19621937 2019.32826099 1596.68805004 173.870165775 1500.0 1000.0 3.76991118431
5420.00401731 1933.55101735 1607.65874815 172.061270148 1300.0 1100.0 3.76991118431
5424.83172763 1906.88242803 1616.71516598 174.548045745 1200.0 1200.0 3.76991118431
5431.34972896 1890.76714566 1619.97241791 174.252413015 1100.0 1300.0 3.76991118431
5439.55587742 1886.67387508 1616.05862756 171.122392887 1000.0 1400.0 3.76991118431
5542.02146651 1968.47022328 1595.1665242 168.523935886 1400.0 1000.0 3.89557489045
5549.15157603 2019.36326632 1596.89984475 175.593800618 1500.0 1000.0 3.89557489045
5545.10228357 1933.39927885 1607.93206401 173.769625993 1300.0 1100.0 3.89557489045
5549.82254501 1906.67195482 1617.0429383 176.287899375 1200.0 1200.0 3.89557489045
5556.17936151 1890.58148746 1620.31841574 175.995129704 1100.0 1300.0 3.89557489045
5564.17096538 1886.61134521 1616.3723218 172.838449362 1000.0 1400.0 3.89557489045
5667.28064457 1968.43190039 1595.36053435 170.097918813 1400.0 1000.0 4.02123859659
5674.22538413 2019.38897596 1597.09848674 177.238440576 1500.0 1000.0 4.02123859659
5670.30909438 1933.25153192 1608.18867631 175.399707193 1300.0 1100.0 4.02123859659
5674.9263949 1906.46884676 1617.35093026 177.948038923 1200.0 1200.0 4.02123859659
5681.13004543 1890.40094786 1620.64366403 177.657999483 1100.0 1300.0 4.02123859659
5688.91859177 1886.54536399 1616.66712808 174.475872499 1000.0 1400.0 4.02123859659
5698.29154321 1894.4509012 1605.9511233 168.383040861 900.0 1500.0 4.02123859659
5792.63987814 1968.39051321 1595.54287142 171.601329796 1400.0 1000.0 4.14690230274
5795.61694708 1933.10768948 1608.43005121 176.956704213 1300.0 1100.0 4.14690230274
5795.02764492 1868.00013412 1610.64303829 168.822800626 1100.0 1200.0 4.14690230274
5813.78945983 1886.47660544 1616.9446931 176.039866548 1000.0 1400.0 4.14690230274
5822.92335239 1894.56257097 1606.16744654 169.895472924 900.0 1500.0 4.14690230274
5918.09227627 1968.34660782 1595.71454326 173.038756437 1400.0 1000.0 4.27256600888
5915.49424197 1888.92136775 1604.6015842 169.143635397 1200.0 1100.0 4.27256600888
5920.44870302 1867.83352277 1610.88614163 170.243351001 1100.0 1200.0 4.27256600888
5926.88071691 1858.80915482 1610.28600664 168.357785756 1000.0 1300.0 4.27256600888
5938.77513382 1886.40564176 1617.20647837 177.535193031 1000.0 1400.0 4.27256600888
5947.68249139 1894.66040146 1606.37135003 171.341484562 900.0 1500.0 4.27256600888
6043.63157603 1968.30064881 1595.8764459 174.414401633 1400.0 1000.0 4.39822971503
6041.10912804 1888.7753356 1604.80328512 170.489694032 1200.0 1100.0 4.39822971503
6045.9565768 1867.6722436 1611.11576568 171.602845205 1100.0 1200.0 4.39822971503
6052.2413046 1858.70036924 1610.50925084 169.706117137 1000.0 1300.0 4.39822971503
6072.56029158 1894.74591819 1606.56386979 172.725296107 900.0 1500.0 4.39822971503
6169.2520713 1968.25303232 1596.02937862 175.732122629 1400.0 1000.0 4.52389342117
6166.80070895 1888.6338832 1604.99398546 171.779081617 1200.0 1100.0 4.52389342117
6171.54569644 1867.51605317 1611.3329922 172.905092386 1100.0 1200.0 4.52389342117
6177.68996271 1858.59322702 1610.72046517 170.997657833 1000.0 1300.0 4.52389342117
6197.5488663 1894.82045743 1606.74593008 174.050782632 900.0 1500.0 4.52389342117
6293.54697869 2010.30436347 1581.3876129 168.699894374 1500.0 900.0 4.64955712731
6289.2814106 1919.63248765 1593.96609507 168.896956108 1300.0 1000.0 4.64955712731
6294.94855129 1968.20409674 1596.17405654 176.995465446 1400.0 1000.0 4.64955712731
6292.56417008 1888.49680566 1605.17455171 173.015266562 1200.0 1100.0 4.64955712731
6297.21096124 1867.36472177 1611.53879083 174.153594785 1100.0 1200.0 4.64955712731
6303.221112 1858.48780099 1610.9205913 172.235881101 1000.0 1300.0 4.64955712731
6322.64102319 1894.88519302 1606.91835804 175.321508068 900.0 1500.0 4.64955712731
6419.32515829 2010.35356155 1581.48316116 169.850143912 1500.0 900.0 4.77522083346
6415.17240899 1919.5544855 1594.09891999 170.050474986 1300.0 1000.0 4.77522083346
6418.39509358 1888.36390937 1605.34576227 174.201442746 1200.0 1100.0 4.77522083346
6422.94769091 1867.2180325 1611.73403323 175.3515777 1100.0 1200.0 4.77522083346
6428.82963857 1858.38414376 1611.11047552 173.423985769 1000.0 1300.0 4.77522083346
6436.04106287 1862.37896562 1603.04788133 168.382024744 900.0 1400.0 4.77522083346
6447.83018822 1894.9411589 1607.08189604 176.540755415 900.0 1500.0 4.77522083346
6545.17091314 2010.39631921 1581.57375548 170.954760174 1500.0 900.0 4.9008845396
6541.12482019 1919.47765749 1594.2249476 171.158237158 1300.0 1000.0 4.9008845396
6544.28941808 1888.23501132 1605.50831838 175.34055588 1200.0 1100.0 4.9008845396
6548.75158284 1867.07578057 1611.91950504 176.502016038 1100.0 1200.0 4.9008845396
6554.51084591 1858.28229123 1611.29088044 174.564922515 1000.0 1300.0 4.9008845396
6561.56738791 1862.37119572 1603.19557425 169.49221365 900.0 1400.0 4.9008845396
6573.11033966 1894.98926813 1607.23721229 177.711553546 900.0 1500.0 4.9008845396
6671.08008338 2010.43330924 1581.65976597 172.016383078 1500.0 900.0 5.02654824574
6667.13498676 1919.40204399 1594.34468026 172.222888891 1300.0 1000.0 5.02654824574
6670.2434032 1888.10993851 1605.66285336 176.435326924 1200.0 1100.0 5.02654824574
6674.6186746 1866.9377725 1612.09591626 177.607657911 1100.0 1200.0 5.02654824574
6680.26041279 1858.18226552 1611.46249508 175.661417218 1000.0 1300.0 5.02654824574
6687.16884225 1862.36001976 1603.33603235 170.559140802 900.0 1400.0 5.02654824574
6797.04884944 2010.46512617 1581.74152706 173.037454447 1500.0 900.0 5.15221195189
6793.19953818 1919.32767367 1594.45857243 173.246877968 1300.0 1000.0 5.15221195189
6796.25359833 1887.98852729 1605.80994061 177.488272919 1200.0 1100.0 5.15221195189
6806.07435621 1858.08407737 1611.6259435 176.715991753 1000.0 1300.0 5.15221195189
6812.84099435 1862.34585283 1603.46977293 171.585260993 900.0 1400.0 5.15221195189
6923.07369733 2010.49229672 1581.81934172 174.020236094 1500.0 900.0 5.27787565803
6919.31536294 1919.25456554 1594.56703617 174.232471798 1300.0 1000.0 5.27787565803
6931.94899866 1857.98772818 1611.78179229 177.730982535 1000.0 1300.0 5.27787565803
6938.57975793 1862.32906114 1603.59726522 172.572848568 900.0 1400.0 5.27787565803
7049.15138814 2010.5152886 1581.89348502 174.966825981 1500.0 900.0 5.40353936417
7045.47958401 1919.18273052 1594.67044595 175.181773602 1300.0 1000.0 5.40353936417
7044.24967711 1847.49555454 1600.79146007 168.762468321 1100.0 1100.0 5.40353936417
7048.78974143 1833.13799666 1603.60830131 168.273851338 1000.0 1200.0 5.40353936417
7064.38135863 1862.30996833 1603.71893588 173.524013549 900.0 1400.0 5.40353936417
7169.94705565 1958.27150554 1580.81155997 168.783197285 1400.0 900.0 5.52920307032
7175.27893126 2010.53451804 1581.96420728 175.879172678 1500.0 900.0 5.52920307032
7171.68953694 1919.11217288 1594.76914286 176.096736892 1300.0 1000.0 5.52920307032
7170.487187 1847.38948427 1600.90830931 169.644350426 1100.0 1100.0 5.52920307032
7174.94353004 1833.04030653 1603.73188381 169.155686253 1000.0 1200.0 5.52920307032
7190.24230449 1862.28886082 1603.83517364 174.440716073 900.0 1400.0 5.52920307032
7296.22381512 1958.25809302 1580.87805976 169.625661144 1400.0 900.0 5.65486677646
7301.4535606 2010.55035625 1582.03173673 176.759088332 1500.0 900.0 5.65486677646
7297.94275047 1919.04289132 1594.86343817 176.979178461 1300.0 1000.0 5.65486677646
7296.76669226 1847.28645284 1601.020024 170.494886927 1100.0 1100.0 5.65486677646
7301.14239221 1832.94507188 1603.85007422 170.006163423 1000.0 1200.0 5.65486677646
7316.1593598 1862.26599256 1603.94633347 175.324779346 900.0 1400.0 5.65486677646
7422.54112177 1958.24332402 1580.94162723 170.438702506 1400.0 900.0 5.78053048261
7427.67271368 2010.5631349 1582.09628196 177.608260319 1500.0 900.0 5.78053048261
7419.89078594 1873.31176735 1592.09703785 168.553165718 1200.0 1000.0 5.78053048261
7424.23692924 1918.97488001 1594.95361656 177.830790053 1300.0 1000.0 5.78053048261
7423.08598431 1847.18633161 1601.12693266 171.315708247 1100.0 1100.0 5.78053048261
7427.38395 1832.85221085 1603.96321607 170.826913946 1000.0 1200.0 5.78053048261
7442.12952178 1862.24158894 1604.05274013 176.177901295 900.0 1400.0 5.78053048261
7548.89683271 1958.2273668 1581.00244971 171.223826669 1400.0 900.0 5.90619418875
7546.30105896 1873.23662552 1592.17970372 169.330502461 1200.0 1000.0 5.90619418875
7549.44300716 1847.08899911 1601.22933648 172.108334429 1100.0 1100.0 5.90619418875
7553.6659905 1832.76164431 1604.07162443 171.619458533 1000.0 1200.0 5.90619418875
7568.1499998 1862.21585028 1604.15469134 177.001665051 900.0 1400.0 5.90619418875
7575.2676103 1878.22760735 1590.15431936 168.449053736 800.0 1500.0 5.90619418875
7675.28895477 1958.210371 1581.06069905 171.982438594 1400.0 900.0 6.03185789489
7672.74542418 1873.16329659 1592.25891805 170.081590904 1200.0 1000.0 6.03185789489
7675.83584445 1846.99434053 1601.32751215 172.874184261 1100.0 1100.0 6.03185789489
7679.98645167 1832.67329582 1604.1755888 172.385216628 1000.0 1200.0 6.03185789489
7685.19745648 1831.84954246 1599.26117638 168.553516822 900.0 1300.0 6.03185789489
7694.21819686 1862.18895483 1604.25246051 177.797548415 900.0 1400.0 6.03185789489
7701.20732368 1878.28236807 1590.22300424 169.207535215 800.0 1500.0 6.03185789489
7801.71563161 1958.19246986 1581.11653316 172.715851078 1400.0 900.0 6.15752160104
7799.22217396 1873.09172205 1592.33489045 170.807730603 1200.0 1000.0 6.15752160104
7802.26270775 1846.90224724 1601.42171428 173.614583515 1100.0 1100.0 6.15752160104
7806.34340964 1832.58709165 1604.27537559 173.12551464 1000.0 1200.0 6.15752160104
7811.46449618 1831.80133596 1599.34853384 169.278941619 900.0 1300.0 6.15752160104
7827.19704518 1878.33238178 1590.28891199 169.940748537 800.0 1500.0 6.15752160104
7928.175132 1958.17378214 1581.17009738 173.425292146 1400.0 900.0 6.28318530718
7925.72971322 1873.02184534 1592.40781402 171.510137216 1200.0 1000.0 6.28318530718
7928.72192602 1846.81261647 1601.51217752 174.330772395 1100.0 1100.0 6.28318530718
7932.73506729 1832.50296069 1604.37123044 173.841593393 1000.0 1200.0 6.28318530718
7937.76935778 1831.75346233 1599.43244873 169.980620808 900.0 1300.0 6.28318530718
7953.2342556 1878.37803114 1590.35220749 170.649925933 800.0 1500.0 6.28318530718
8054.66583936 1958.15441382 1581.22152572 174.111911747 1400.0 900.0 6.40884901332
8052.26655025 1872.9536118 1592.4778669 172.189949125 1200.0 1000.0 6.40884901332
8055.21193612 1846.72535081 1601.59911852 175.023912294 1100.0 1100.0 6.40884901332
8059.15974397 1832.42083444 1604.46338015 174.534614877 1000.0 1200.0 6.40884901332
8064.11019727 1831.70596366 1599.51312006 170.659693879 900.0 1300.0 6.40884901332
8079.31660368 1878.41966382 1590.41304281 171.336221395 800.0 1500.0 6.40884901332
8181.18624241 1958.13445954 1581.27094193 174.776787826 1400.0 900.0 6.53451271947
8178.83128845 1872.88696866 1592.54521374 172.848233448 1200.0 1000.0 6.53451271947
8181.7312742 1846.64035794 1601.68273758 175.695091917 1100.0 1100.0 6.53451271947
8185.61586614 1832.34064694 1604.55203447 175.205668367 1000.0 1200.0 6.53451271947
8190.48528921 1831.65887569 1599.59073182 171.317229027 900.0 1300.0 6.53451271947
8205.44189221 1878.45759621 1590.47155847 172.000716742 800.0 1500.0 6.53451271947
8307.73492658 1958.11400391 1581.31846043 175.420931845 1400.0 900.0 6.66017642561
8305.42261886 1872.82186503 1592.61000688 173.4859915 1200.0 1000.0 6.66017642561
8308.27856796 1846.55755028 1601.76322016 176.345332847 1100.0 1100.0 6.66017642561
8312.10195897 1832.26233469 1604.63738767 175.855775997 1000.0 1200.0 6.66017642561
8316.89301727 1831.61222859 1599.66545438 171.954228607 900.0 1300.0 6.66017642561
8331.60806552 1878.49211661 1590.5278845 172.644427137 800.0 1500.0 6.66017642561
8434.31056638 1958.09312263 1581.36418722 176.045293804 1400.0 900.0 6.78584013175
8432.03931333 1872.75825181 1592.67238753 174.104163761 1200.0 1000.0 6.78584013175
8434.85252955 1846.47684469 1601.84073826 176.975594615 1100.0 1100.0 6.78584013175
8438.61663868 1832.1858366 1604.71961991 176.485897817 1000.0 1200.0 6.78584013175
8443.33186569 1831.56604766 1599.7374457 172.5716341 900.0 1300.0 6.78584013175
8457.81319818 1878.5234881 1590.5821414 173.268306104 800.0 1500.0 6.78584013175
8556.8434803 1908.16847792 1579.94509556 168.558708589 1300.0 900.0 6.9115038379
8560.91191845 1958.07188344 1581.40822061 176.650766815 1400.0 900.0 6.9115038379
8558.68021842 1872.69608171 1592.73248672 174.703634404 1200.0 1000.0 6.9115038379
8561.45194919 1846.39816218 1601.91545156 177.58677931 1100.0 1100.0 6.9115038379
8565.15860563 1832.11109391 1604.79889855 177.096936415 1000.0 1200.0 6.9115038379
8569.80041158 1831.52035393 1599.80685247 173.170330635 900.0 1300.0 6.9115038379
8584.05548472 1878.5519511 1590.634441 173.873250109 800.0 1500.0 6.9115038379
8683.53237541 1908.13539104 1579.98668195 169.117983824 1300.0 900.0 7.03716754404
8687.53781521 1958.05034701 1581.45065189 177.23819128 1400.0 900.0 7.03716754404
8685.34424972 1872.63530914 1592.79042626 175.285235425 1200.0 1000.0 7.03716754404
8691.72663797 1832.03805008 1604.87537921 177.689741127 1000.0 1200.0 7.03716754404
8696.29731784 1831.47516466 1599.87381108 173.751151122 900.0 1300.0 7.03716754404
8710.33323038 1878.57772552 1590.68488721 174.460102734 800.0 1500.0 7.03716754404
8810.24275535 1908.10264016 1580.02678514 169.660836934 1300.0 900.0 7.16283125018
8814.1871592 1958.0285677 1581.49156595 177.808358701 1400.0 900.0 7.16283125018
8812.03038682 1872.5758902 1592.84631944 175.84975042 1200.0 1000.0 7.16283125018
8822.82132681 1831.43049385 1599.93844849 174.314880025 900.0 1300.0 7.16283125018
8836.6448427 1878.60101283 1590.73357673 175.029658498 800.0 1500.0 7.16283125018
8936.9736795 1908.07023753 1580.06548226 170.18797773 1300.0 900.0 7.28849495633
8938.73766859 1872.51778259 1592.90027186 176.397918038 1200.0 1000.0 7.28849495633
8949.37125436 1831.38635262 1600.00088306 174.862256811 900.0 1300.0 7.28849495633
8962.98882383 1878.62199777 1590.78059965 175.58266635 800.0 1500.0 7.28849495633
9066.99943722 2003.62838305 1566.62320983 168.098129824 1500.0 800.0 7.41415866247
9063.72426163 1908.03819317 1580.10284522 170.700075864 1300.0 900.0 7.41415866247
9065.46518894 1872.4609456 1592.95238198 176.930435141 1200.0 1000.0 7.41415866247
9075.94598463 1831.34274956 1600.06122526 175.393979122 900.0 1300.0 7.41415866247
9089.36376357 1878.64084998 1590.82604001 176.119832869 800.0 1500.0 7.41415866247
9193.71681676 2003.64081358 1566.64714787 168.587455679 1500.0 800.0 7.53982236862
9190.49366592 1908.00651511 1580.13894116 171.197763622 1300.0 900.0 7.53982236862
9192.21209294 1872.40534001 1593.00274178 177.447959706 1200.0 1000.0 7.53982236862
9202.54446515 1831.29969106 1600.11957829 175.910705666 900.0 1300.0 7.53982236862
9207.71498431 1843.58901144 1588.27207905 168.423751861 800.0 1400.0 7.53982236862
9215.76833301 1878.65772536 1590.86997629 176.641825204 800.0 1500.0 7.53982236862
9320.4539307 2003.65188654 1566.67028013 169.063200702 1500.0 800.0 7.66548607476
9317.2811035 1907.97520967 1580.17383281 171.681638479 1300.0 900.0 7.66548607476
9318.97757326 1872.35092806 1593.05143725 177.951113492 1200.0 1000.0 7.66548607476
9318.67821596 1810.28478895 1595.38160023 168.473527047 1000.0 1100.0 7.66548607476
9329.16570236 1831.25718155 1600.1760387 176.41305889 900.0 1300.0 7.66548607476
9334.26200553 1843.58483886 1588.31332317 168.905389812 800.0 1400.0 7.66548607476
9342.20127873 1878.67276736 1590.9124819 177.14927377 800.0 1500.0 7.66548607476
9447.20994933 2003.66170114 1566.69264616 169.525920461 1500.0 800.0 7.7911497809
9444.08582913 1907.94428162 1580.20757885 172.152265457 1300.0 900.0 7.7911497809
9445.46631825 1810.22655019 1595.43321319 168.936836076 1000.0 1100.0 7.7911497809
9455.80875757 1831.21522377 1600.23069689 176.901627426 900.0 1300.0 7.7911497809
9460.83298874 1843.57982262 1588.35324669 169.373803105 800.0 1400.0 7.7911497809
9468.66141743 1878.68610807 1590.95362551 177.642774725 800.0 1500.0 7.7911497809
9573.98408915 2003.67034872 1566.71428299 169.976140741 1500.0 800.0 7.91681348705
9570.90713823 1907.91373442 1580.24023425 172.610179288 1300.0 900.0 7.91681348705
9569.51182183 1830.11945332 1589.38855413 168.23210428 1100.0 1000.0 7.91681348705
9572.27135504 1810.16961936 1595.48319533 169.387622169 1000.0 1100.0 7.91681348705
9582.47274316 1831.173819 1600.28363762 177.376968346 900.0 1300.0 7.91681348705
9587.42695301 1843.57403573 1588.39191195 169.829526386 800.0 1400.0 7.91681348705
9700.77560972 2003.67791343 1566.73522532 170.414359503 1500.0 800.0 8.04247719319
9697.74436412 1907.88357033 1580.27185052 173.055886413 1300.0 900.0 8.04247719319
9696.36965036 1830.06886897 1589.43008137 168.66678953 1100.0 1000.0 8.04247719319
9699.09265079 1810.1139532 1595.53162239 169.826384337 1000.0 1100.0 8.04247719319
9709.15681918 1831.1329672 1600.33494039 177.83960924 900.0 1300.0 8.04247719319
9714.04297053 1843.56754519 1588.42937745 170.273066002 800.0 1400.0 8.04247719319
9827.58381073 2003.68447291 1566.75550569 170.841048693 1500.0 800.0 8.16814089933
9824.59687552 1907.85379058 1580.30247603 173.489866818 1300.0 900.0 8.16814089933
9823.24214158 1830.01939291 1589.47032401 169.090037648 1100.0 1000.0 8.16814089933
9825.92956549 1810.05951034 1595.57856549 170.253595523 1000.0 1100.0 8.16814089933
9840.68016298 1843.56041254 1588.46569812 170.704901839 800.0 1400.0 8.16814089933
9954.40802925 2003.69009879 1566.77515466 171.256655914 1500.0 800.0 8.29380460548
9951.46407421 1907.82439551 1580.33215617 173.912575734 1300.0 900.0 8.29380460548
9950.12872581 1829.97098937 1589.50934033 169.502292616 1100.0 1000.0 8.29380460548
9952.78149231 1810.00625117 1595.62409149 170.669704279 1000.0 1100.0 8.29380460548
9956.22152442 1803.55142134 1594.2625291 168.251799031 900.0 1200.0 8.29380460548
9967.3376983 1843.55269434 1588.50092559 171.125489021 800.0 1400.0 8.29380460548
10081.2476373 2003.6948573 1566.79420096 171.661605974 1500.0 800.0 8.41946831162
10078.3453929 1907.79538467 1580.36093365 174.324445212 1300.0 900.0 8.41946831162
10077.0288625 1829.92362408 1589.54718517 169.903975808 1100.0 1000.0 8.41946831162
10079.6478555 1809.95413774 1595.66826331 171.075136313 1000.0 1100.0 8.41946831162
10083.0433331 1803.50898578 1594.3047607 168.652279534 900.0 1200.0 8.41946831162
10094.0147876 1843.54444259 1588.53510844 171.535259479 800.0 1400.0 8.41946831162
10208.1020395 2003.69880966 1566.8126716 172.056302308 1500.0 800.0 8.54513201776
10205.2402932 1907.76675689 1580.38884867 174.725885566 1300.0 900.0 8.54513201776
10203.9420385 1829.87726423 1589.58391017 170.295487405 1100.0 1000.0 8.54513201776
10206.5281085 1809.90313371 1595.71114021 171.470295918 1000.0 1100.0 8.54513201776
10209.8801827 1803.46731009 1594.34575985 169.042606817 900.0 1200.0 8.54513201776
10220.7106826 1843.53570515 1588.5682924 171.934623405 800.0 1400.0 8.54513201776
10334.9706711 2003.70201254 1566.83059202 172.441128305 1500.0 800.0 8.67079572391
10332.1482638 1907.73851042 1580.41593905 175.11728673 1300.0 900.0 8.67079572391
10330.8677663 1829.83187832 1589.61956396 170.677207705 1100.0 1000.0 8.67079572391
10333.4217319 1809.85320425 1595.75277808 171.855567299 1000.0 1100.0 8.67079572391
10336.7315092 1803.42637665 1594.3855796 169.423160777 900.0 1200.0 8.67079572391
10347.4246727 1843.52652608 1588.60052058 172.323970594 800.0 1400.0 8.67079572391
10461.8529958 2003.70451844 1566.84798619 172.816448536 1500.0 800.0 8.79645943005
10459.068819 1907.71064299 1580.4422405 175.499019492 1300.0 900.0 8.79645943005
10457.8055822 1829.78743617 1589.65419244 171.049498341 1100.0 1000.0 8.79645943005
10460.3282319 1809.80431594 1595.7932296 172.2313158 1000.0 1100.0 8.79645943005
10463.5967769 1803.38616822 1594.42426998 169.794302656 900.0 1200.0 8.79645943005
10474.1560828 1843.51694598 1588.63183366 172.703671696 800.0 1400.0 8.79645943005
10588.7485041 2003.70637601 1566.86487673 173.182609885 1500.0 800.0 8.9221231362
10586.0014967 1907.68315186 1580.46778666 175.871436661 1300.0 900.0 8.9221231362
10584.7550453 1829.74390883 1589.68783893 171.412703408 1100.0 1000.0 8.9221231362
10587.2471389 1809.75643674 1595.83254455 172.597889045 1000.0 1100.0 8.9221231362
10590.4754758 1803.34666792 1594.46187827 170.156376171 900.0 1200.0 8.9221231362
10600.9042713 1843.50700226 1588.66227001 173.074079367 800.0 1400.0 8.9221231362
10715.6567117 2003.7076304 1566.88128497 173.539942612 1500.0 800.0 9.04778684234
10712.9458573 1907.65603389 1580.49260932 176.234874136 1300.0 900.0 9.04778684234
10711.715736 1829.70126849 1589.72054435 171.767150509 1100.0 1000.0 9.04778684234
10714.1780058 1809.70953589 1595.87076997 172.955617993 1000.0 1100.0 9.04778684234
10717.3671209 1803.30785927 1594.49844911 170.509708562 900.0 1200.0 9.04778684234
10727.6686277 1843.49672945 1588.69186593 173.435529346 800.0 1400.0 9.04778684234
10842.5771579 2003.70832353 1566.89723108 173.888761329 1500.0 800.0 9.17345054848
10839.9014824 1907.62928562 1580.51673854 176.589651903 1300.0 900.0 9.17345054848
10838.6872544 1829.65948846 1589.7523474 172.113151731 1100.0 1000.0 9.17345054848
10841.1204067 1809.66358387 1595.90795033 173.304817927 1000.0 1100.0 9.17345054848
10844.2712501 1803.26972612 1594.53402477 170.854611559 900.0 1200.0 9.17345054848
10854.4485708 1843.48615938 1588.72065572 173.788341457 800.0 1400.0 9.17345054848
10969.509404 2003.70849432 1566.91273411 174.229365919 1500.0 800.0 9.29911425463
10966.8679731 1907.60290329 1580.54020271 176.936074968 1300.0 900.0 9.29911425463
10965.6692194 1829.6185431 1589.78328466 172.451004546 1100.0 1000.0 9.29911425463
10968.0739357 1809.61855232 1595.94412774 173.645789362 1000.0 1100.0 9.29911425463
10971.1874231 1803.23225276 1594.56864521 171.191382294 900.0 1200.0 9.29911425463
10981.2435471 1843.47532143 1588.74867184 174.132820529 800.0 1400.0 9.29911425463
11096.4530324 2003.70817897 1566.92781211 174.56204238 1500.0 800.0 9.42477796077
11090.9843162 1860.50564667 1578.67196612 168.022322239 1200.0 900.0 9.42477796077
11093.8449496 1907.5768829 1580.56302872 177.274434216 1300.0 900.0 9.42477796077
11092.6612678 1829.57840778 1589.81339082 172.780992661 1100.0 1000.0 9.42477796077
11095.038206 1809.57441398 1595.97934208 173.978818903 1000.0 1100.0 9.42477796077
11098.1152202 1803.19542381 1594.60234831 171.520304138 900.0 1200.0 9.42477796077
11108.0530293 1843.46424275 1588.77594503 174.46925727 800.0 1400.0 9.42477796077
11223.4076448 2003.70741115 1566.94248215 174.887063621 1500.0 800.0 9.55044166691
11218.0047676 1860.47727783 1578.69358487 168.335013225 1200.0 900.0 9.55044166691
11220.8320491 1907.55122023 1580.58524205 177.605007222 1300.0 900.0 9.55044166691
11219.6630529 1829.53905881 1589.84269871 173.103386795 1100.0 1000.0 9.55044166691
11222.0128482 1809.53114268 1596.01363114 174.304180034 1000.0 1100.0 9.55044166691
11225.054241 1803.15922429 1594.63516998 171.841647487 900.0 1200.0 9.55044166691
11234.8765143 1843.4529484 1588.80250444 174.797929069 800.0 1400.0 9.55044166691
11347.1079424 1950.28851377 1566.23806876 168.128704816 1400.0 800.0 9.67610537306
11350.3728616 2003.7062222 1566.95676041 175.204690199 1500.0 800.0 9.67610537306
11345.0342194 1860.44938488 1578.71463247 168.640593309 1200.0 900.0 9.67610537306
11347.8289259 1907.52591089 1580.60686683 177.928058996 1300.0 900.0 9.67610537306
11346.6742439 1829.50047341 1589.87123948 173.418445418 1100.0 1000.0 9.67610537306
11348.9975098 1809.48871322 1596.04703076 174.622133861 1000.0 1100.0 9.67610537306
11352.0041032 1803.12363958 1594.66714427 172.155670497 900.0 1200.0 9.67610537306
11361.7135221 1843.44146155 1588.8283777 175.119100746 800.0 1400.0 9.67610537306
11474.1211023 1950.28000196 1566.25184932 168.426171249 1400.0 800.0 9.8017690792
11477.3483204 2003.7046413 1566.97066222 175.515171007 1500.0 800.0 9.8017690792
11472.0723685 1860.42195706 1578.73513109 168.939301748 1200.0 900.0 9.8017690792
11473.6945245 1829.46262967 1589.89904268 173.726415432 1100.0 1000.0 9.8017690792
11475.9918541 1809.4471014 1596.07957499 174.9329298 1000.0 1100.0 9.8017690792
11478.9644417 1803.08865544 1594.69830351 172.462619762 900.0 1200.0 9.8017690792
11488.5635946 1843.4298036 1588.85359104 175.433025256 800.0 1400.0 9.8017690792
11601.1432835 1950.27137639 1566.26527172 168.71702246 1400.0 800.0 9.92743278534
11604.3336753 2003.70269566 1566.98420214 175.818743923 1500.0 800.0 9.92743278534
11599.118925 1860.39498385 1578.75510178 169.231367206 1200.0 900.0 9.92743278534
11600.7235927 1829.42550652 1589.92613637 174.027532808 1100.0 1000.0 9.92743278534
11602.9955594 1809.40628389 1596.11129613 175.236806226 1000.0 1100.0 9.92743278534
11605.9349078 1803.054258 1594.72867839 172.762730957 900.0 1200.0 9.92743278534
11615.4262941 1843.41799435 1588.87816936 175.739944342 800.0 1400.0 9.92743278534
11728.174186 1950.26265077 1566.27834961 169.001476195 1400.0 800.0 10.0530964915
11731.3285959 2003.70041063 1566.997394 176.115636403 1500.0 800.0 10.0530964915
11726.1736121 1860.368455 1578.77456452 169.517008338 1200.0 900.0 10.0530964915
11727.7611598 1829.38908365 1589.95254722 174.322023186 1100.0 1000.0 10.0530964915
11730.0083181 1809.36623827 1596.1422249 175.533991071 1000.0 1100.0 10.0530964915
11732.915168 1803.02043371 1594.75829812 173.05622943 900.0 1200.0 10.0530964915
11742.3012024 1843.40605211 1588.90213635 176.04008915 800.0 1400.0 10.0530964915
11855.2135233 1950.25383777 1566.29109598 169.279740766 1400.0 800.0 10.1787601976
11858.3327665 2003.69780988 1567.01025092 176.406066052 1500.0 800.0 10.1787601976
11853.2361648 1860.34236049 1578.7935383 169.796434329 1200.0 900.0 10.1787601976
11854.8069495 1829.35334151 1589.97830056 174.61010243 1100.0 1000.0 10.1787601976
11857.0298359 1809.32694293 1596.17239052 175.824702392 1000.0 1100.0 10.1787601976
11859.9049033 1802.98716942 1594.78719044 173.343330764 900.0 1200.0 10.1787601976
11869.1879195 1843.39399379 1588.92551451 176.333680798 800.0 1400.0 10.1787601976
11982.261021 1950.24494911 1566.30352316 169.55201556 1400.0 800.0 10.3044239038
11985.3458851 2003.69491548 1567.02278539 176.690241146 1500.0 800.0 10.3044239038
11980.3063294 1860.31669057 1578.8120412 170.069845399 1200.0 900.0 10.3044239038
11981.8606972 1829.31826128 1590.00342051 174.891977151 1100.0 1000.0 10.3044239038
11984.059831 1809.28837707 1596.20182078 176.109148897 1000.0 1100.0 10.3044239038
11986.9038085 1802.95445228 1594.81538178 173.624241293 900.0 1200.0 10.3044239038
11996.0860628 1843.38183507 1588.94832526 176.620930914 800.0 1400.0 10.3044239038
12109.3164169 1950.23599562 1566.31564289 169.818491507 1400.0 800.0 10.4300876099
12112.3676626 2003.69174807 1567.03500927 176.968361127 1500.0 800.0 10.4300876099
12107.3838634 1860.29143574 1578.8300904 170.337433277 1200.0 900.0 10.4300876099
12108.92215 1829.2838248 1590.02793004 175.167845198 1100.0 1000.0 10.4300876099
12111.0980339 1809.25052063 1596.23054214 176.387530438 1000.0 1100.0 10.4300876099
12113.9115913 1802.9222698 1594.84289727 173.899158599 900.0 1200.0 10.4300876099
12122.9952662 1843.36959042 1588.97058899 176.902042141 800.0 1400.0 10.4300876099
12236.3794598 1950.22698732 1566.32746634 170.079351526 1400.0 800.0 10.5557513161
12239.3978227 2003.68832689 1567.04693387 177.240617065 1500.0 800.0 10.5557513161
12234.4685342 1860.26658671 1578.84770227 170.599381649 1200.0 900.0 10.5557513161
12235.991065 1829.2500146 1590.05185098 175.437896115 1100.0 1000.0 10.5557513161
12238.1441861 1809.2133543 1596.25857982 176.66003848 1000.0 1100.0 10.5557513161
12240.9279718 1802.89060983 1594.8697609 174.168271965 900.0 1200.0 10.5557513161
12249.9151791 1843.35727325 1588.99232514 177.177208602 800.0 1400.0 10.5557513161
12363.4499089 1950.21793347 1566.33900417 170.334770937 1400.0 800.0 10.6814150222
12366.4361005 2003.68466996 1567.05856995 177.507192091 1500.0 800.0 10.6814150222
12361.5601189 1860.24213445 1578.86489241 170.855866568 1200.0 900.0 10.6814150222
12363.06721 1829.21681379 1590.0752042 175.702311572 1100.0 1000.0 10.6814150222
12365.19804 1809.17685945 1596.28595785 176.926856528 1000.0 1100.0 10.6814150222
12367.9526817 1802.85946052 1594.89599551 174.431762805 900.0 1200.0 10.6814150222
12371.3313047 1810.50678673 1585.75465439 168.180105297 800.0 1300.0 10.6814150222
12376.8454653 1843.34489595 1589.01355222 177.446616346 800.0 1400.0 10.6814150222
12490.5275337 1950.20884263 1566.35026651 170.584917852 1400.0 800.0 10.8070787283
12493.4822421 2003.68079411 1567.06992776 177.768261807 1500.0 800.0 10.8070787283
12488.658404 1860.21807017 1578.88167569 171.107056853 1200.0 900.0 10.8070787283
12490.150362 1829.18420612 1590.09800954 175.961265768 1100.0 1000.0 10.8070787283
12492.2593581 1809.14101809 1596.31269917 177.188160542 1000.0 1100.0 10.8070787283
12494.9854638 1802.82881035 1594.92162289 174.689805069 900.0 1200.0 10.8070787283
12498.3288441 1810.48942749 1585.77448432 168.429193487 800.0 1300.0 10.8070787283
12503.785803 1843.33247001 1589.03428789 177.71044376 800.0 1400.0 10.8070787283
12617.6121131 1950.19972272 1566.36126302 170.829953543 1400.0 800.0 10.9327424345
12615.7631846 1860.19438527 1578.89806627 171.35311445 1200.0 900.0 10.9327424345
12617.2403071 1829.15217588 1590.12028596 176.214925812 1100.0 1000.0 10.9327424345
12619.3279127 1809.10581289 1596.33882566 177.444119315 1000.0 1100.0 10.9327424345
12622.0260714 1802.79864809 1594.94666384 174.942565623 900.0 1200.0 10.9327424345
12625.3349437 1810.47220969 1585.79386048 168.673180001 800.0 1300.0 10.9327424345
12630.7358833 1843.32000604 1589.05454903 177.96886196 800.0 1400.0 10.9327424345
12744.7034349 1950.19058108 1566.37200294 171.070032783 1400.0 800.0 11.0584061406
12742.8742639 1860.17107141 1578.9140777 171.594194781 1200.0 900.0 11.0584061406
12744.3368402 1829.12070793 1590.14205157 176.463452076 1100.0 1000.0 11.0584061406
12746.4034853 1809.07122713 1596.36435819 177.694894837 1000.0 1100.0 11.0584061406
12749.0742676 1802.76896283 1594.97113823 175.190204604 900.0 1200.0 11.0584061406
12752.3493439 1810.4551353 1585.81279826 168.912219593 800.0 1300.0 11.0584061406
12871.8012957 1950.18142446 1566.38249508 171.305304168 1400.0 800.0 11.1840698468
12869.9914534 1860.14812044 1578.92972288 171.830447068 1200.0 900.0 11.1840698468
12871.4397642 1829.08978762 1590.16332363 176.706998536 1100.0 1000.0 11.1840698468
12873.4858658 1809.03724464 1596.38931673 177.940642631 1000.0 1100.0 11.1840698468
12876.1298253 1802.73974393 1594.99506504 175.432875755 900.0 1200.0 11.1840698468
12879.3717952 1810.43820596 1585.83131237 169.146460834 800.0 1300.0 11.1840698468
12998.9055002 1950.17225913 1566.39274783 171.535910426 1400.0 800.0 11.3097335529
12997.1145717 1860.12552443 1578.94501418 172.062014636 1200.0 900.0 11.3097335529
12998.5488899 1829.05940085 1590.18411866 176.945713081 1100.0 1000.0 11.3097335529
13003.1925261 1802.71098107 1595.0184624 175.670726739 900.0 1200.0 11.3097335529
13006.4020584 1810.42142302 1585.84941683 169.37604642 800.0 1300.0 11.3097335529
13126.0158605 1950.16309087 1566.40276925 171.761988702 1400.0 800.0 11.4353972591
13124.2434446 1860.10327566 1578.95996337 172.289035206 1200.0 900.0 11.4353972591
13125.6640355 1829.02953395 1590.20445245 177.179737814 1100.0 1000.0 11.4353972591
13130.2621603 1802.68266416 1595.04134766 175.903899439 900.0 1200.0 11.4353972591
13133.4399034 1810.40478754 1585.8671251 169.601113457 800.0 1300.0 11.4353972591
13253.1321965 1950.15392502 1566.412567 171.983670824 1400.0 800.0 11.5610609652
13251.3779048 1860.08136661 1578.97458174 172.511641161 1200.0 900.0 11.5610609652
13252.7850261 1829.00017375 1590.2243401 177.40920933 1100.0 1000.0 11.5610609652
13257.3385263 1802.65478341 1595.06373743 176.132530236 900.0 1200.0 11.5610609652
13260.4851093 1810.38830036 1585.88445002 169.821793732 800.0 1300.0 11.5610609652
13380.2543349 1950.14476652 1566.42214844 172.201083563 1400.0 800.0 11.6867246714
13378.5177913 1860.05978994 1578.98888009 172.729959804 1200.0 900.0 11.6867246714
13379.9116938 1828.97130749 1590.24379606 177.63425898 1100.0 1000.0 11.6867246714
13384.4214303 1802.62732928 1595.08564759 176.356750269 900.0 1200.0 11.6867246714
13387.5374636 1810.37196208 1585.9014039 170.03821397 800.0 1300.0 11.6867246714
13507.382109 1950.13561992 1566.4315206 172.41434887 1400.0 800.0 11.8123883775
13505.6629493 1860.03853853 1579.00286873 172.944113598 1200.0 900.0 11.8123883775
13507.0438767 1828.94292285 1590.26283417 177.855013122 1100.0 1000.0 11.8123883775
13511.5106857 1802.60029249 1595.10709337 176.576685692 900.0 1200.0 11.8123883775
13514.5967618 1810.3557731 1585.91799853 170.25049607 800.0 1300.0 11.8123883775
13634.5153584 1950.12648942 1566.44069021 172.623584102 1400.0 800.0 11.9380520836
13632.8132297 1860.01760542 1579.01655758 173.154220393 1200.0 900.0 11.9380520836
13638.6061133 1802.57366402 1595.12808935 176.7924579 900.0 1200.0 11.9380520836
13641.6628075 1810.33973362 1585.93424518 170.458757335 800.0 1300.0 11.9380520836
13650.6516034 1866.31884776 1573.15530705 168.181036416 700.0 1500.0 11.9380520836
13761.653929 1950.1173789 1566.44966372 172.828902239 1400.0 800.0 12.0637157898
13759.9684892 1859.99698384 1579.02995609 173.360393644 1200.0 900.0 12.0637157898
13765.7075401 1802.54743505 1595.1486495 177.004183755 900.0 1200.0 12.0637157898
13768.7354111 1810.3238437 1585.95015469 170.663110685 800.0 1300.0 12.0637157898
13777.6393876 1866.32265632 1573.16581736 168.383461665 700.0 1500.0 12.0637157898
13888.7976722 1950.10829193 1566.4584473 173.030412081 1400.0 800.0 12.1893794959
13887.1285896 1859.9766672 1579.04307336 173.56274261 1200.0 900.0 12.1893794959
13892.8148 1802.52159704 1595.16878725 177.211975795 900.0 1200.0 12.1893794959
13895.8143906 1810.3081032 1585.96573744 170.863664861 800.0 1300.0 12.1893794959
13904.6351462 1866.32611373 1573.17611143 168.582117418 700.0 1500.0 12.1893794959
14015.946445 1950.0992318 1566.46704689 173.228218445 1400.0 800.0 12.3150432021
14014.293398 1859.95664907 1579.05591809 173.761372547 1200.0 900.0 12.3150432021
14019.9277327 1802.49614165 1595.18851544 177.415942431 900.0 1200.0 12.3150432021
14022.8995704 1810.29251188 1585.98100337 171.060524615 800.0 1300.0 12.3150432021
14031.6386586 1866.32923736 1573.18619585 168.777107743 700.0 1500.0 12.3150432021
14143.1001096 1950.09020152 1566.47546815 173.42242234 1400.0 800.0 12.4407069082
14141.462786 1859.93692319 1579.06849865 173.95638489 1200.0 900.0 12.4407069082
14147.0461837 1802.47106077 1595.20784643 177.616188134 900.0 1200.0 12.4407069082
14149.9907814 1810.27706935 1585.99596205 171.253790889 800.0 1300.0 12.4407069082
14158.6497123 1866.33204368 1573.19607697 168.968532919 700.0 1500.0 12.4407069082
