3889.30335931 2812.78315436 2172.79195881 170.568950902 2000.0 2000.0 1.88495559215
3943.14404223 2789.59964483 2168.86926983 172.210896331 2000.0 1900.0 2.0106192983
3957.2649148 2766.23417875 2173.03342951 172.714201298 1900.0 2000.0 2.0106192983
3971.65178223 2812.00292778 2177.35963707 177.843426625 2000.0 2000.0 2.0106192983
4001.41979417 2767.19319843 2163.0970239 172.66200075 2000.0 1800.0 2.13628300444
3998.84478702 2699.14668793 2164.0416126 168.198968962 1800.0 1900.0 2.13628300444
4012.14380055 2743.53914667 2168.6482614 173.721790799 1900.0 1900.0 2.13628300444
4028.18524811 2721.09805726 2171.79400567 173.721715566 1800.0 2000.0 2.13628300444
4063.54841665 2746.05252819 2155.60033921 171.926904617 2000.0 1700.0 2.26194671058
4057.78376876 2677.0785092 2158.42394007 168.075999324 1800.0 1800.0 2.26194671058
4071.39903553 2721.44075886 2162.57569854 173.60398215 1900.0 1800.0 2.26194671058
4072.48337971 2655.83716805 2161.61345234 168.039419414 1700.0 1900.0 2.26194671058
4084.13406838 2698.585569 2167.15369631 174.159696408 1800.0 1900.0 2.26194671058
4101.55562211 2678.0797837 2168.96328027 173.580945774 1700.0 2000.0 2.26194671058
4129.05468169 2726.51423874 2146.54895719 170.011900123 2000.0 1600.0 2.38761041673
4134.4678235 2700.43667396 2154.91462843 172.364325648 1900.0 1700.0 2.38761041673
4149.73145945 2746.02056223 2158.04050758 177.510518235 2000.0 1700.0 2.38761041673
4144.36156924 2676.54113692 2160.97863099 173.536775196 1800.0 1800.0 2.38761041673
4158.59115658 2655.46179056 2164.27456282 173.513164389 1700.0 1900.0 2.38761041673
4177.00272752 2637.76286177 2164.42224906 172.280461279 1600.0 2000.0 2.38761041673
4200.88418091 2680.88557449 2145.80579025 170.007908629 1900.0 1600.0 2.51327412287
4216.16370173 2726.79551075 2148.45392587 175.088990422 2000.0 1600.0 2.51327412287
4208.3311861 2655.46785126 2153.33819602 171.855392539 1800.0 1700.0 2.51327412287
4221.69716854 2700.13865692 2157.07400263 177.528986614 1900.0 1700.0 2.51327412287
4219.78355593 2633.21794041 2158.19651973 172.448093732 1700.0 1800.0 2.51327412287
4235.12753207 2614.77505912 2159.88467573 171.769928137 1600.0 1900.0 2.51327412287
4254.24530564 2600.63140679 2158.06362831 169.808966274 1500.0 2000.0 2.51327412287
4262.94631377 2637.89338948 2166.85656902 177.483363546 1600.0 2000.0 2.51327412287
4285.46626979 2709.35652117 2137.61144263 171.52304974 2000.0 1500.0 2.63893782902
4275.59350518 2635.74206005 2144.34123527 169.119433124 1800.0 1600.0 2.63893782902
4289.00284998 2680.82152089 2147.50198509 174.706881934 1900.0 1600.0 2.63893782902
4284.62541728 2611.85611094 2150.76676496 170.387078948 1700.0 1700.0 2.63893782902
4296.40095861 2655.05784078 2155.23746185 176.620759058 1800.0 1700.0 2.63893782902
4297.2735177 2592.08821579 2154.09961821 170.324910131 1600.0 1800.0 2.63893782902
4307.56864089 2632.77173469 2160.22842447 177.243605539 1700.0 1800.0 2.63893782902
4313.45018565 2577.04157843 2153.85879027 168.917894581 1500.0 1900.0 2.63893782902
4322.40993879 2614.6137466 2161.95077011 176.558458752 1600.0 1900.0 2.63893782902
4340.826153 2601.07220016 2160.05087871 174.55275695 1500.0 2000.0 2.63893782902
4359.14765219 2663.19186855 2136.73718127 170.799793899 1900.0 1500.0 2.76460153516
4373.81519518 2709.84497851 2138.95086578 175.919181409 2000.0 1500.0 2.76460153516
4364.51935158 2635.49093068 2145.84442489 173.457838958 1800.0 1600.0 2.76460153516
4373.3859266 2611.43754807 2152.4223419 174.771466082 1700.0 1700.0 2.76460153516
4385.67465853 2591.77680554 2155.82962436 174.71961627 1600.0 1800.0 2.76460153516
4401.31151107 2577.12079927 2155.56365914 173.286507325 1500.0 1900.0 2.76460153516
4420.22143 2567.80876898 2151.39973994 170.462102739 1400.0 2000.0 2.76460153516
4446.36089654 2694.50794845 2126.76185959 170.788163839 2000.0 1400.0 2.8902652413
4435.43095606 2617.54808934 2135.30450001 169.26853554 1800.0 1500.0 2.8902652413
4448.38365427 2663.32382818 2137.9408258 174.874203319 1900.0 1500.0 2.8902652413
4442.27222073 2591.43995504 2143.38201212 171.32698959 1700.0 1600.0 2.8902652413
4453.77764934 2635.23849543 2147.23551637 177.609883202 1800.0 1600.0 2.8902652413
4452.30312489 2569.85760148 2148.49699127 171.966222224 1600.0 1700.0 2.8902652413
4465.46740977 2553.54898868 2149.99381152 171.166281763 1500.0 1800.0 2.8902652413
4481.70876482 2543.01296929 2147.46888179 168.913877441 1400.0 1900.0 2.8902652413
4489.56932897 2577.16673365 2157.14317606 177.46857812 1500.0 1900.0 2.8902652413
4507.82682672 2568.46217577 2152.85917807 174.58414109 1400.0 2000.0 2.8902652413
4521.70137466 2647.68969976 2125.90699621 169.494105254 1900.0 1400.0 3.01592894745
4535.73774197 2695.14566075 2127.68559828 174.58486286 2000.0 1400.0 3.01592894745
4525.38111718 2617.46220109 2136.38220677 173.035582381 1800.0 1500.0 3.01592894745
4521.92167153 2549.23393936 2139.9904285 168.299022461 1600.0 1600.0 3.01592894745
4532.14429279 2591.1185646 2144.60887406 175.152353487 1700.0 1600.0 3.01592894745
4532.88235454 2530.83967844 2143.3135325 168.190545144 1500.0 1700.0 3.01592894745
4541.94233896 2569.5086905 2149.82001069 175.817168611 1600.0 1700.0 3.01592894745
4554.72704043 2553.39845856 2151.33506115 175.009227558 1500.0 1800.0 3.01592894745
4570.45048475 2543.29004528 2148.73931306 172.714656588 1400.0 1900.0 3.01592894745
4589.06480735 2539.26077106 2142.04468132 168.927173025 1300.0 2000.0 3.01592894745
4611.85683301 2647.9778429 2126.74448883 173.017929265 1900.0 1400.0 3.14159265359
4604.42966209 2572.82611096 2134.18578516 170.387069272 1700.0 1500.0 3.14159265359
4615.60147126 2617.36497515 2137.38327818 176.645964456 1800.0 1500.0 3.14159265359
4612.30702217 2548.91178185 2141.06067266 171.811777352 1600.0 1600.0 3.14159265359
4622.98740071 2530.59090888 2144.43464998 171.710820797 1500.0 1700.0 3.14159265359
4636.43414817 2518.55930931 2143.68896702 170.065978739 1400.0 1800.0 3.14159265359
4659.52899479 2543.52428227 2149.92067349 176.358439457 1400.0 1900.0 3.14159265359
4677.54151817 2540.08277291 2143.08582138 172.497663926 1300.0 2000.0 3.14159265359
4701.3263317 2682.5529077 2115.20797448 171.237891334 2000.0 1300.0 3.26725635973
4690.17989568 2601.49663376 2125.38636825 170.72541354 1800.0 1400.0 3.26725635973
4702.27843033 2648.22447782 2127.52324632 176.397521432 1900.0 1400.0 3.26725635973
4695.19577394 2572.62179843 2135.07900237 173.718020735 1700.0 1500.0 3.26725635973
4702.92776283 2548.59870367 2142.05818334 175.181091794 1600.0 1600.0 3.26725635973
4713.34322496 2530.34431121 2145.4799515 175.087573974 1500.0 1700.0 3.26725635973
4726.41060574 2518.56747555 2144.70819215 173.418563201 1400.0 1800.0 3.26725635973
4742.09915627 2513.53687768 2139.54638777 170.163984607 1300.0 1900.0 3.26725635973
4766.37018089 2540.82304537 2144.05482321 175.923382085 1300.0 2000.0 3.26725635973
4778.83264435 2634.70298081 2114.40175721 169.275718667 1900.0 1300.0 3.39292006588
4791.83232116 2683.21193648 2115.7883889 174.37460518 2000.0 1300.0 3.39292006588
4781.18874744 2601.53606854 2126.09228344 173.856686381 1800.0 1400.0 3.39292006588
4776.45537926 2529.68216661 2132.02741245 169.975169073 1600.0 1500.0 3.39292006588
4786.17699947 2572.41876832 2135.91262597 176.915132125 1700.0 1500.0 3.39292006588
4785.05583743 2508.84720776 2137.30038493 170.656629249 1500.0 1600.0 3.39292006588
4796.1594799 2494.60269131 2138.51828063 169.710102736 1400.0 1700.0 3.39292006588
4816.64349296 2518.55858616 2145.66021802 176.637024178 1400.0 1800.0 3.39292006588
4831.8750368 2513.93257733 2140.40512601 173.328652065 1300.0 1900.0 3.39292006588
4849.60100068 2515.90596198 2131.07435556 168.403430589 1200.0 2000.0 3.39292006588
4869.97262008 2635.06178354 2114.93361909 172.193148168 1900.0 1300.0 3.51858377202
4882.5874781 2683.80318921 2116.32992754 177.387189411 2000.0 1300.0 3.51858377202
4861.87753267 2556.11407026 2124.17224966 170.583081684 1700.0 1400.0 3.51858377202
4872.40342263 2601.55904546 2126.75177515 176.864139646 1800.0 1400.0 3.51858377202
4867.86589919 2529.44044411 2132.76602586 172.917098436 1600.0 1500.0 3.51858377202
4876.28411582 2508.58534474 2138.1037879 173.619120545 1500.0 1600.0 3.51858377202
4887.11064945 2494.4710972 2139.32915234 172.663951312 1400.0 1700.0 3.51858377202
4900.32519286 2487.6227752 2135.9803695 170.036497443 1300.0 1800.0 3.51858377202
4921.91772469 2514.28445892 2141.20810721 176.369014935 1300.0 1900.0 3.51858377202
4939.1255087 2516.7674221 2131.7444603 171.362554885 1200.0 2000.0 3.51858377202
4961.27499578 2672.59516877 2102.40190948 168.71044181 2000.0 1200.0 3.64424747816
4950.00332046 2587.72478692 2113.77311797 169.358443351 1800.0 1300.0 3.64424747816
4961.31718051 2635.38064419 2115.43098553 174.99703469 1900.0 1300.0 3.64424747816
4953.5479095 2556.02002683 2124.76854072 173.363494214 1700.0 1400.0 3.64424747816
4950.94099372 2488.77374588 2128.73278864 168.097457116 1500.0 1500.0 3.64424747816
4959.45219226 2529.20446526 2133.45823161 175.744762541 1600.0 1500.0 3.64424747816
4967.69591335 2508.32980041 2138.85716007 176.466698528 1500.0 1600.0 3.64424747816
4978.26026017 2494.33593259 2140.08951501 175.503353585 1400.0 1700.0 3.64424747816
4991.12764637 2487.75272469 2136.6865357 172.839140869 1300.0 1800.0 3.64424747816
5006.28141833 2488.46380764 2128.82214336 168.469707818 1200.0 1900.0 3.64424747816
5028.92968238 2517.55462011 2132.37150924 174.207499867 1200.0 2000.0 3.64424747816
5052.66524034 2673.24798195 2102.76115447 171.300141752 2000.0 1200.0 3.76991118431
5041.83543084 2587.85422738 2114.22898436 171.961632434 1800.0 1300.0 3.76991118431
5052.85138987 2635.66433648 2115.89704539 177.693685411 1900.0 1300.0 3.76991118431
5036.16296773 2512.24267766 2122.19850256 169.120731887 1600.0 1400.0 3.76991118431
5045.38234989 2555.92212109 2125.32793316 176.03762703 1700.0 1400.0 3.76991118431
5042.87280403 2488.54227718 2129.33904834 170.691093844 1500.0 1500.0 3.76991118431
5051.7845366 2471.62210691 2132.62878176 170.530498319 1400.0 1600.0 3.76991118431
5062.88429717 2462.29447261 2131.31547758 168.61753703 1300.0 1700.0 3.76991118431
5082.13516329 2487.86163662 2137.34954772 175.535139372 1300.0 1800.0 3.76991118431
5096.88476777 2488.94094706 2129.38758792 171.102722655 1200.0 1900.0 3.76991118431
5118.9934156 2518.2751911 2132.95947701 176.944504226 1200.0 2000.0 3.76991118431
5132.49462768 2624.18532531 2102.05688126 168.695701077 1900.0 1200.0 3.89557489045
5144.24864357 2673.84208892 2103.09811816 173.79234299 2000.0 1200.0 3.89557489045
5123.90968129 2541.62362642 2112.66132618 168.262107739 1700.0 1300.0 3.89557489045
5133.82669804 2587.96474471 2114.65702149 174.466880969 1800.0 1300.0 3.89557489045
5128.3594398 2512.08618479 2122.7015045 171.586350422 1600.0 1400.0 3.89557489045
5134.95106239 2488.3169423 2129.90930257 173.187299534 1500.0 1500.0 3.89557489045
5143.67107218 2471.43651062 2133.22777164 173.031343906 1400.0 1600.0 3.89557489045
5154.50734848 2462.26891859 2131.8918488 171.096488644 1300.0 1700.0 3.89557489045
5187.70257563 2489.37515114 2129.9189026 173.637289724 1200.0 1900.0 3.89557489045
5224.56691169 2624.54462182 2102.36916069 171.019855782 1900.0 1200.0 4.02123859659
5236.01097575 2674.38392605 2103.41477468 176.192307254 2000.0 1200.0 4.02123859659
5216.28460362 2541.61783599 2113.05299946 170.582815416 1700.0 1300.0 4.02123859659
5225.96659152 2588.05858603 2115.05965839 176.879469097 1800.0 1300.0 4.02123859659
5220.68982229 2511.93164262 2123.17512352 173.960807965 1600.0 1400.0 4.02123859659
5227.16686895 2488.09750125 2130.44662105 175.591312058 1500.0 1500.0 4.02123859659
5235.70381628 2471.2536215 2133.79232565 175.439912858 1400.0 1600.0 4.02123859659
5246.29004325 2462.23539349 2132.43492291 173.484046392 1300.0 1700.0 4.02123859659
5258.91603727 2461.21348638 2126.25615219 169.713960134 1200.0 1800.0 4.02123859659
5278.72051787 2489.77075419 2130.41905742 176.078650584 1200.0 1900.0 4.02123859659
5294.78978823 2498.33629235 2118.54656476 169.750073142 1100.0 2000.0 4.02123859659
5316.7875882 2624.87096245 2102.66316429 173.259380066 1900.0 1200.0 4.14690230274
5308.78659504 2541.60471264 2113.42209894 172.819060112 1700.0 1300.0 4.14690230274
5305.20181009 2470.28870715 2119.78356664 168.564856766 1500.0 1400.0 4.14690230274
5313.14606318 2511.77917086 2123.62182183 176.248939833 1600.0 1400.0 4.14690230274
5312.31830116 2450.27675975 2125.12325326 169.287474381 1400.0 1500.0 4.14690230274
5319.51205422 2487.88372636 2130.95373754 177.908011006 1500.0 1500.0 4.14690230274
5321.39062505 2438.05385286 2125.98361012 168.160454592 1300.0 1600.0 4.14690230274
5327.87398415 2471.07352531 2134.32529452 177.761079606 1400.0 1600.0 4.14690230274
5338.22252356 2462.19495711 2132.94747434 175.785029589 1300.0 1700.0 4.14690230274
5350.5494178 2461.41444361 2126.70526226 171.969807645 1200.0 1800.0 4.14690230274
5385.59245329 2499.07615905 2118.91709292 172.022249929 1100.0 2000.0 4.14690230274
5399.05128456 2576.39496125 2101.69557368 169.749267597 1800.0 1200.0 4.27256600888
5409.14676274 2625.16780772 2102.94042375 175.418706481 1900.0 1200.0 4.27256600888
5392.85960163 2496.91121648 2111.33866016 168.088144139 1600.0 1300.0 4.27256600888
5401.40791343 2541.58521248 2113.77049037 174.975262293 1700.0 1300.0 4.27256600888
5397.9366989 2470.11826564 2120.18209919 170.668927095 1500.0 1400.0 4.27256600888
5404.92016229 2450.09247535 2125.56098673 171.406712783 1400.0 1500.0 4.27256600888
5413.80231278 2437.94656757 2126.42273852 170.271127759 1300.0 1600.0 4.27256600888
5442.33869848 2461.5945855 2127.12949624 174.145232161 1200.0 1800.0 4.27256600888
5456.29598242 2468.58742267 2116.61224874 168.427270083 1100.0 1900.0 4.27256600888
5476.59164588 2499.76138834 2119.26672266 174.213581182 1100.0 2000.0 4.27256600888
5502.03571292 2666.08418834 2089.65799945 169.743515139 2000.0 1100.0 4.39822971503
5491.77376166 2576.54769045 2101.95305239 171.760345479 1800.0 1200.0 4.39822971503
5501.63546337 2625.43818068 2103.20230582 177.501970655 1900.0 1200.0 4.39822971503
5485.77298342 2496.8296987 2111.65667744 170.081180252 1600.0 1300.0 4.39822971503
5494.1414639 2541.56016456 2114.09984133 177.055546608 1700.0 1300.0 4.39822971503
5490.77659412 2469.95175064 2120.5591535 172.698930666 1500.0 1400.0 4.39822971503
5497.63200819 2449.91247696 2125.97532163 173.451407657 1400.0 1500.0 4.39822971503
5506.33242104 2437.83860626 2126.83840201 172.307608013 1300.0 1600.0 4.39822971503
5516.87213372 2434.27216613 2122.65878667 169.250872745 1200.0 1700.0 4.39822971503
5534.27440952 2461.75597532 2127.53084846 176.244342144 1200.0 1800.0 4.39822971503
5547.90834275 2469.03485507 2116.93367577 170.461193518 1100.0 1900.0 4.39822971503
5567.77485308 2500.39691485 2119.59716182 176.328178311 1100.0 2000.0 4.39822971503
5594.55052256 2666.57668098 2089.84129403 171.659381179 2000.0 1100.0 4.52389342117
5584.60592012 2576.68470384 2102.19663654 173.70169155 1800.0 1200.0 4.52389342117
5578.78408433 2496.74728916 2111.95778155 172.005133082 1600.0 1300.0 4.52389342117
5583.71564363 2469.78904643 2120.9163973 174.658624935 1500.0 1400.0 4.52389342117
5590.44770578 2449.73663488 2126.36806389 175.425334246 1400.0 1500.0 4.52389342117
5598.9742288 2437.73026756 2127.23241471 174.27364704 1300.0 1600.0 4.52389342117
5609.29022751 2434.31530293 2123.01616722 171.186522912 1200.0 1700.0 4.52389342117
5639.67433956 2469.44866802 2117.23796243 172.424918497 1100.0 1900.0 4.52389342117
5676.96381039 2616.13125999 2089.26276739 168.404710033 1900.0 1100.0 4.64955712731
5687.18840477 2667.03212455 2090.01482308 173.509844446 2000.0 1100.0 4.64955712731
5668.78515742 2529.37711379 2100.92814344 169.313682123 1700.0 1200.0 4.64955712731
5677.54122852 2576.8075854 2102.42740324 175.576797878 1800.0 1200.0 4.64955712731
5671.8874619 2496.66426024 2112.24326721 173.863460485 1600.0 1300.0 4.64955712731
5676.74843351 2469.63003964 2121.25533145 176.55152307 1500.0 1400.0 4.64955712731
5683.36158148 2449.5648226 2126.74083969 177.332022991 1400.0 1500.0 4.64955712731
5691.72153081 2437.62180687 2127.60640973 176.172753843 1300.0 1600.0 4.64955712731
5701.82391616 2434.34959562 2123.35525106 173.056305106 1200.0 1700.0 4.64955712731
5731.58479989 2469.83183101 2117.52643597 174.32192293 1100.0 1900.0 4.64955712731
5769.94643888 2616.4262903 2089.42557688 170.136554869 1900.0 1100.0 4.77522083346
5779.94155601 2667.45396484 2090.17933384 175.298133641 2000.0 1100.0 4.77522083346
5761.99864067 2529.41209618 2101.14249801 171.056845527 1700.0 1200.0 4.77522083346
5770.57369241 2576.91773256 2102.64632206 177.388931927 1800.0 1200.0 4.77522083346
5765.0780838 2496.58084561 2112.5143014 175.659398063 1600.0 1300.0 4.77522083346
5763.22864822 2430.65640358 2116.81672911 169.723481526 1400.0 1400.0 4.77522083346
5770.33907703 2415.14773635 2119.93824265 169.482517753 1300.0 1500.0 4.77522083346
5794.46674953 2434.37595714 2123.67739809 174.863448261 1200.0 1700.0 4.77522083346
5806.05988486 2439.60031024 2114.66824486 169.738866142 1100.0 1800.0 4.77522083346
5823.63129869 2470.18699826 2117.80029077 176.155464773 1100.0 1900.0 4.77522083346
5838.1010518 2484.78505372 2103.97748268 168.262375198 1000.0 2000.0 4.77522083346
5863.02612017 2616.69895509 2089.58013792 171.81109909 1900.0 1100.0 4.9008845396
5872.80286166 2667.84525499 2090.33549994 177.027272493 2000.0 1100.0 4.9008845396
5855.29578885 2529.44038701 2101.34612719 172.742355535 1700.0 1200.0 4.9008845396
5851.20531231 2453.88502066 2109.76736191 169.644602498 1500.0 1300.0 4.9008845396
5858.3512884 2496.49724584 2112.77193865 177.395976357 1600.0 1300.0 4.9008845396
5856.55116484 2430.5075307 2117.10083902 171.401716055 1400.0 1400.0 4.9008845396
5863.53411775 2415.01911448 2120.23736892 171.162905172 1300.0 1500.0 4.9008845396
5872.15097373 2408.37030271 2118.28237901 168.902644929 1200.0 1600.0 4.9008845396
5887.21276592 2434.39519868 2123.98383743 176.61097853 1200.0 1700.0 4.9008845396
5898.56873344 2439.80816147 2114.91956326 171.438580861 1100.0 1800.0 4.9008845396
5915.8060811 2470.51654805 2118.0606045 177.928598667 1100.0 1900.0 4.9008845396
5929.96711032 2485.38265498 2104.16969485 169.958636357 1000.0 2000.0 4.9008845396
5956.19718523 2616.95125736 2089.7270518 173.431091122 1900.0 1100.0 5.02654824574
5948.67206848 2529.46267529 2101.53980414 174.372975881 1700.0 1200.0 5.02654824574
5944.68692633 2453.77685376 2110.00172774 171.24688605 1500.0 1300.0 5.02654824574
5949.94928393 2430.36220177 2117.37139098 173.025335575 1400.0 1400.0 5.02654824574
5956.80946301 2414.89267206 2120.52228945 172.788630641 1300.0 1500.0 5.02654824574
5965.26463952 2408.3267245 2118.55198644 170.510810521 1200.0 1600.0 5.02654824574
5991.18552007 2439.99958129 2115.15877406 173.083087268 1100.0 1800.0 5.02654824574
6021.96817109 2485.94239686 2104.35251852 171.599856558 1000.0 2000.0 5.02654824574
6040.71166056 2567.30566942 2088.97028984 169.326932968 1800.0 1100.0 5.15221195189
6049.45442336 2617.18498271 2089.86686323 174.99910944 1900.0 1100.0 5.15221195189
6034.62047811 2483.73548459 2099.89866111 169.007660089 1600.0 1200.0 5.15221195189
6042.12328086 2529.47957261 2101.72423007 175.951299532 1700.0 1200.0 5.15221195189
6038.23788263 2453.67045096 2110.2250502 172.797791284 1500.0 1300.0 5.15221195189
6043.41919378 2430.22029193 2117.62932221 174.596915986 1400.0 1400.0 5.15221195189
6050.16103261 2414.76839573 2120.79398384 174.362269214 1300.0 1500.0 5.15221195189
6058.46090316 2408.28087241 2118.80904272 172.067467241 1200.0 1600.0 5.15221195189
6083.90443687 2440.17595658 2115.38672717 174.674974667 1100.0 1800.0 5.15221195189
6114.09667743 2486.46726659 2104.52662259 173.188609319 1000.0 2000.0 5.15221195189
6134.22234935 2567.44158875 2089.10182879 170.792867463 1800.0 1100.0 5.27787565803
6142.79303428 2617.40172724 2090.00006685 176.517575268 1900.0 1100.0 5.27787565803
6128.28022377 2483.70372189 2100.06985132 170.472103243 1600.0 1200.0 5.27787565803
6135.64553024 2529.49162303 2101.90004237 177.479761445 1700.0 1200.0 5.27787565803
6131.85472311 2453.56580633 2110.43808189 174.299709699 1500.0 1300.0 5.27787565803
6136.95733915 2430.08168213 2117.87548605 176.118876604 1400.0 1400.0 5.27787565803
6143.58502387 2414.64626686 2121.05334414 175.886239712 1300.0 1500.0 5.27787565803
6151.73557029 2408.23305447 2119.05439853 173.575004643 1200.0 1600.0 5.27787565803
6161.40754119 2410.86237943 2111.90338006 169.176268004 1100.0 1700.0 5.27787565803
6176.72010035 2440.33853638 2115.60419509 176.216676413 1100.0 1800.0 5.27787565803
6188.96287116 2453.63376897 2102.82197465 168.868136774 1000.0 1900.0 5.27787565803
6206.34564789 2486.95996396 2104.69261412 174.727313953 1000.0 2000.0 5.27787565803
6236.9530986 2661.29114187 2076.52878055 168.605048425 2000.0 1000.0 5.40353936417
6227.80275384 2567.56669476 2089.22729547 172.213152244 1800.0 1100.0 5.40353936417
6236.2085864 2617.60292136 2090.12711279 177.988764181 1900.0 1100.0 5.40353936417
6222.00210342 2483.67019107 2100.23323503 171.890954614 1600.0 1200.0 5.40353936417
6225.53422028 2453.46290908 2110.64150902 175.754889094 1500.0 1300.0 5.40353936417
6230.5603996 2429.94625877 2118.11066116 177.593491657 1400.0 1400.0 5.40353936417
6237.07788785 2414.52626245 2121.30118442 177.362816167 1300.0 1500.0 5.40353936417
6245.08473313 2408.18354396 2119.28882972 175.035669488 1200.0 1600.0 5.40353936417
6254.57971997 2410.93487439 2112.10182647 170.602952515 1100.0 1700.0 5.40353936417
6269.62751185 2440.48844785 2115.81188156 177.710481216 1100.0 1800.0 5.40353936417
6281.63643317 2453.97234003 2102.97756024 170.302060393 1000.0 1900.0 5.40353936417
6298.70862073 2487.42293402 2104.85104527 176.218246665 1000.0 2000.0 5.40353936417
6330.38087137 2661.63142694 2076.61466308 169.951086008 2000.0 1000.0 5.52920307032
6321.44924815 2567.6819009 2089.34709437 173.589855762 1800.0 1100.0 5.52920307032
6315.78306287 2483.63512517 2100.38932681 173.266279222 1600.0 1200.0 5.52920307032
6313.2266244 2413.30637842 2107.11320153 168.557197036 1400.0 1300.0 5.52920307032
6319.27335795 2453.36174437 2110.83595862 177.165444018 1500.0 1300.0 5.52920307032
6318.7033874 2394.18435338 2112.44230612 169.3279283 1300.0 1400.0 5.52920307032
6338.50474569 2408.13258367 2119.5130454 176.451576051 1200.0 1600.0 5.52920307032
6347.82956145 2410.99994893 2112.29155342 171.985924945 1100.0 1700.0 5.52920307032
6374.40649998 2454.28998615 2103.12622729 171.692075986 1000.0 1900.0 5.52920307032
6391.17960485 2487.85839543 2105.00241937 177.663550735 1000.0 2000.0 5.52920307032
6423.88224555 2661.95057817 2076.69671166 171.256403434 2000.0 1000.0 5.65486677646
6407.6048812 2519.3341868 2088.38392732 168.669756932 1700.0 1100.0 5.65486677646
6415.15846435 2567.78802931 2089.46159513 174.924925194 1800.0 1100.0 5.65486677646
6409.62024999 2483.5987312 2100.53859736 174.60002108 1600.0 1200.0 5.65486677646
6407.12032297 2413.20029042 2107.28848091 169.855105011 1400.0 1300.0 5.65486677646
6412.5127278 2394.06986493 2112.63711155 170.635300441 1300.0 1400.0 5.65486677646
6419.31600124 2383.88522944 2113.06980038 169.266892902 1200.0 1500.0 5.65486677646
6431.99220156 2408.08038951 2119.72769486 177.824715562 1200.0 1600.0 5.65486677646
6441.15325271 2411.05822609 2112.47312057 173.32712853 1100.0 1700.0 5.65486677646
6467.26816111 2454.58826441 2103.26842577 173.040130651 1000.0 1900.0 5.65486677646
6517.4532864 2662.25023212 2076.77517331 172.522795912 2000.0 1000.0 5.78053048261
6501.50643859 2519.38039923 2088.4917798 169.915840926 1700.0 1100.0 5.78053048261
6508.92726888 2567.88582153 2089.57113621 176.220195069 1800.0 1100.0 5.78053048261
6497.13818707 2439.87831461 2098.43553244 168.197438977 1500.0 1200.0 5.78053048261
6503.51099777 2483.56119325 2100.68147804 175.894011787 1600.0 1200.0 5.78053048261
6501.06499423 2413.09643903 2107.45635212 171.114333006 1400.0 1300.0 5.78053048261
6506.37562938 2393.95780356 2112.82374803 171.903718313 1300.0 1400.0 5.78053048261
6513.06868289 2383.80789999 2113.25559684 170.528252117 1200.0 1500.0 5.78053048261
6534.54723333 2411.11026997 2112.64704089 174.628395034 1100.0 1700.0 5.78053048261
6560.21684482 2454.86859168 2103.40456754 174.348060273 1000.0 1900.0 5.78053048261
6602.69901281 2610.34014577 2076.3297949 168.620923846 1900.0 1000.0 5.90619418875
6611.09034893 2662.53186971 2076.85027443 173.751956085 2000.0 1000.0 5.90619418875
6595.45974847 2519.42173307 2088.59506208 171.125297602 1700.0 1100.0 5.90619418875
6602.75274161 2567.97594783 2089.67602807 177.477395176 1800.0 1100.0 5.90619418875
6591.18342339 2439.81717977 2098.56779003 169.395403632 1500.0 1200.0 5.90619418875
6597.45280908 2483.52267526 2100.81836485 177.149978426 1600.0 1200.0 5.90619418875
6595.05831763 2412.99475834 2107.61726991 172.336561316 1400.0 1300.0 5.90619418875
6600.28965251 2393.84809702 2113.00271433 173.134872699 1300.0 1400.0 5.90619418875
6606.8761668 2383.73119963 2113.43377149 171.752559148 1200.0 1500.0 5.90619418875
6614.8172427 2383.17327771 2108.43180554 168.171516679 1100.0 1600.0 5.90619418875
6628.0081742 2411.1565921 2112.81378537 175.89145248 1100.0 1700.0 5.90619418875
6638.22865652 2422.56851757 2101.32144123 169.170463291 1000.0 1800.0 5.90619418875
6653.24828843 2455.13225953 2103.53503035 175.617597196 1000.0 1900.0 5.90619418875
6696.54892395 2610.53151296 2076.40120981 169.776870232 1900.0 1000.0 6.03185789489
6704.79005049 2662.7968338 2076.92222295 174.945481149 2000.0 1000.0 6.03185789489
6689.46236909 2519.45859552 2088.69405435 172.299698399 1700.0 1100.0 6.03185789489
6685.27392309 2439.7564739 2098.69462019 170.558650762 1500.0 1200.0 6.03185789489
6689.09811309 2412.89518462 2107.7716528 173.523375613 1400.0 1300.0 6.03185789489
6694.25250537 2393.74067554 2113.17446965 174.330359312 1300.0 1400.0 6.03185789489
6700.73597126 2383.65517362 2113.6047809 172.941399514 1200.0 1500.0 6.03185789489
6708.54799766 2383.16940606 2108.58255209 169.338143712 1100.0 1600.0 6.03185789489
6721.53295846 2411.19765711 2112.97378723 177.117932265 1100.0 1700.0 6.03185789489
6731.58022807 2422.73619956 2101.44367157 170.352212685 1000.0 1800.0 6.03185789489
6746.35851182 2455.38044729 2103.66016122 176.850377277 1000.0 1900.0 6.03185789489
6790.45261362 2610.71126561 2076.4696883 170.899764202 1900.0 1000.0 6.15752160104
6798.54924653 2663.04634449 2076.99121013 176.104879398 2000.0 1000.0 6.15752160104
6783.51201459 2519.49135543 2088.78901454 173.44052725 1700.0 1100.0 6.15752160104
6779.40766754 2439.69623856 2098.81634604 171.688649624 1500.0 1200.0 6.15752160104
6783.18233035 2412.79765633 2107.91988661 174.676273427 1400.0 1300.0 6.15752160104
6788.26203271 2393.63547178 2113.33943746 175.491685287 1300.0 1400.0 6.15752160104
6794.64576452 2383.57986004 2113.76904604 174.09627084 1200.0 1500.0 6.15752160104
6802.33310497 2383.16302157 2108.7273264 170.471436023 1100.0 1600.0 6.15752160104
6824.99887013 2422.89341869 2101.56101305 171.500200615 1000.0 1800.0 6.15752160104
6851.65998925 2476.09657655 2088.63691122 168.196594349 900.0 2000.0 6.15752160104
6884.40749187 2610.88024568 2076.535405 171.990986931 1900.0 1000.0 6.28318530718
6892.36500913 2663.28151253 2077.05741219 177.231576244 2000.0 1000.0 6.28318530718
6877.6065423 2519.52034754 2088.88018048 174.549186507 1700.0 1100.0 6.28318530718
6873.58275823 2439.6365091 2098.93326574 172.78678873 1500.0 1200.0 6.28318530718
6877.3090393 2412.70211403 2108.06232756 175.796670105 1400.0 1300.0 6.28318530718
6882.31620567 2393.53242077 2113.49800887 176.62027516 1300.0 1400.0 6.28318530718
6888.60335343 2383.50529065 2113.92695566 175.218588775 1200.0 1500.0 6.28318530718
6896.17014315 2383.15435658 2108.86647494 171.572782048 1100.0 1600.0 6.28318530718
6918.48150418 2423.04090946 2101.67375241 172.615830695 1000.0 1800.0 6.28318530718
6944.7132085 2476.46952727 2088.7167931 169.297518084 900.0 2000.0 6.28318530718
6978.41113922 2611.03922103 2076.59852109 173.051844588 1900.0 1000.0 6.40884901332
6965.37745071 2472.79380921 2087.65674168 168.68098782 1600.0 1100.0 6.40884901332
6971.74394132 2519.54587605 2088.9677718 175.627002408 1700.0 1100.0 6.40884901332
6967.79740775 2439.57731543 2099.04565483 173.854381247 1500.0 1200.0 6.40884901332
6971.47642121 2412.60850032 2108.19930507 176.885904297 1400.0 1300.0 6.40884901332
6976.41311255 2393.43145979 2113.65054568 177.717476371 1300.0 1400.0 6.40884901332
6982.60667311 2383.43149169 2114.07886935 176.309692441 1200.0 1500.0 6.40884901332
6990.05683522 2383.14362202 2109.00031795 172.643495253 1100.0 1600.0 6.40884901332
7012.02524225 2423.179345 2101.78215442 173.700431015 1000.0 1800.0 6.40884901332
7037.8418961 2476.82333815 2088.7935761 170.367819488 900.0 2000.0 6.40884901332
7065.24614403 2560.23790534 2076.04102845 168.425265684 1800.0 1000.0 6.53451271947
7072.46129225 2611.18889317 2076.65918554 174.083573299 1900.0 1000.0 6.53451271947
7059.65373202 2472.78691466 2087.73933681 169.685443495 1600.0 1100.0 6.53451271947
7065.92232226 2519.56821789 2089.05199165 176.675230106 1700.0 1100.0 6.53451271947
7062.04993168 2439.51868262 2099.15376835 174.892669984 1500.0 1200.0 6.53451271947
7060.74806615 2375.47454436 2103.67943053 168.300085088 1300.0 1300.0 6.53451271947
7065.68276068 2412.51675979 2108.3311242 177.94524302 1400.0 1300.0 6.53451271947
7076.65377751 2383.35848455 2114.22512017 177.370849475 1200.0 1500.0 6.53451271947
7083.99103787 2383.13100963 2109.12915193 173.684819054 1100.0 1600.0 6.53451271947
7105.62737195 2423.30934313 2101.886464 174.755259071 1000.0 1800.0 6.53451271947
7131.04260235 2477.15924181 2088.86743679 171.408737707 900.0 2000.0 6.53451271947
7159.45527683 2560.33139269 2076.09885899 169.394430707 1800.0 1000.0 6.66017642561
7166.55583078 2611.32990403 2076.71753628 175.08734373 1900.0 1000.0 6.66017642561
7153.96609427 2472.77851989 2087.81881587 170.662686404 1600.0 1100.0 6.66017642561
7160.13990791 2519.58762552 2089.1330282 177.695058317 1700.0 1100.0 6.66017642561
7156.33874111 2439.46063157 2099.25784268 175.902831982 1500.0 1200.0 6.66017642561
7155.06071721 2375.38849749 2103.79660793 169.27226111 1300.0 1300.0 6.66017642561
7160.28419751 2361.2948242 2106.67045099 168.920756109 1200.0 1400.0 6.66017642561
7177.97073154 2383.1166939 2109.25325174 174.697931365 1100.0 1600.0 6.66017642561
7186.41203859 2392.0116889 2099.35154118 168.709351237 1000.0 1700.0 6.66017642561
7199.28534299 2423.43147163 2101.986908 175.781506322 1000.0 1800.0 6.66017642561
7224.3120905 2477.47837374 2088.93853863 172.42144701 900.0 2000.0 6.66017642561
7253.70297954 2560.41906701 2076.15452568 170.337674537 1800.0 1000.0 6.78584013175
7260.69276624 2611.46284197 2076.77370114 176.06426531 1900.0 1000.0 6.78584013175
7248.31301809 2472.76876359 2087.89534952 171.613796495 1600.0 1100.0 6.78584013175
7245.43839943 2398.1507626 2096.55975191 168.278871596 1400.0 1200.0 6.78584013175
7250.66233587 2439.40317947 2099.35809723 176.885982763 1500.0 1200.0 6.78584013175
7249.40725139 2375.30421372 2103.90953465 170.218441563 1300.0 1300.0 6.78584013175
7254.55830485 2361.21819503 2106.78969048 169.867269114 1200.0 1400.0 6.78584013175
7271.99401147 2383.10083379 2109.37287253 175.683948796 1100.0 1600.0 6.78584013175
7280.30879032 2392.07704659 2099.44538266 169.663366801 1000.0 1700.0 6.78584013175
7292.99675494 2423.54625303 2102.08369684 176.780302404 1000.0 1800.0 6.78584013175
7317.6473202 2477.78178136 2089.00703311 173.407060902 900.0 2000.0 6.78584013175
7347.98758316 2560.50132506 2076.20814593 171.256013267 1800.0 1000.0 6.9115038379
7354.87023126 2611.58824709 2076.8277988 177.015390148 1900.0 1000.0 6.9115038379
7342.6930698 2472.75777202 2087.96909626 172.539797893 1600.0 1100.0 6.9115038379
7339.86838759 2398.08571767 2096.65211038 169.187224109 1400.0 1200.0 6.9115038379
7345.01929833 2439.34634023 2099.4547359 177.84318025 1500.0 1200.0 6.9115038379
7343.78630222 2375.22163947 2104.01843577 171.139644545 1300.0 1300.0 6.9115038379
7348.86695745 2361.14286899 2106.90470287 170.788793947 1200.0 1400.0 6.9115038379
7355.1101904 2356.92914999 2104.29020694 168.104845909 1100.0 1500.0 6.9115038379
7366.05907944 2383.08357425 2109.48825155 176.643930533 1100.0 1600.0 6.9115038379
7374.25126844 2392.13776673 2099.53587395 170.592186789 1000.0 1700.0 6.9115038379
7386.75934612 2423.65416884 2102.17702597 177.752719031 1000.0 1800.0 6.9115038379
7396.93349203 2442.74355173 2087.83526024 168.464317587 900.0 1900.0 6.9115038379
7411.04543243 2478.07043209 2089.07306083 174.366635948 900.0 2000.0 6.9115038379
7442.30751649 2560.57853141 2076.25982885 172.15041108 1800.0 1000.0 7.03716754404
7449.08647024 2611.70661588 2076.87993959 177.94171664 1900.0 1000.0 7.03716754404
7437.10489536 2472.74566021 2088.04020354 173.441662421 1600.0 1100.0 7.03716754404
7434.32833263 2398.02175712 2096.74120241 170.071901361 1400.0 1200.0 7.03716754404
7438.19657624 2375.14072331 2104.12352087 172.036836226 1300.0 1300.0 7.03716754404
7443.20877555 2361.06882019 2107.01570755 171.686296782 1200.0 1400.0 7.03716754404
7449.36480558 2356.88990844 2104.39314161 168.990191558 1100.0 1500.0 7.03716754404
7460.16423636 2383.06504759 2109.59960957 177.578881946 1100.0 1600.0 7.03716754404
7468.23758492 2392.19416253 2099.62319083 171.496783844 1000.0 1700.0 7.03716754404
7490.59341415 2442.94934797 2087.89825385 169.363205119 900.0 1900.0 7.03716754404
7504.50373582 2478.34522065 2089.13675251 175.301175308 900.0 2000.0 7.03716754404
7536.66129884 2560.65102152 2076.30967602 173.021783492 1800.0 1000.0 7.16283125018
7531.54721472 2472.73253304 2088.10880864 174.320312866 1600.0 1100.0 7.16283125018
7528.81705464 2397.9588602 2096.82719633 170.93380838 1400.0 1200.0 7.16283125018
7532.63684821 2375.06141583 2104.22498526 172.910934076 1300.0 1300.0 7.16283125018
7537.58245251 2360.99602284 2107.12290907 172.560695138 1200.0 1400.0 7.16283125018
7543.65377632 2356.850538 2104.49254839 169.852741898 1100.0 1500.0 7.16283125018
7562.26595625 2392.24652292 2099.70749705 172.378081797 1000.0 1700.0 7.16283125018
7584.30507692 2443.14505677 2087.9590594 170.238931398 900.0 1900.0 7.16283125018
7598.01969425 2478.60697548 2089.19822978 176.211632017 900.0 2000.0 7.16283125018
7638.4967193 2658.55285376 2063.68332142 168.336849004 2000.0 900.0 7.28849495633
7631.04753339 2560.71910448 2076.35778209 173.871000355 1800.0 1000.0 7.28849495633
7626.0188168 2472.7184863 2088.17503957 175.176626004 1600.0 1100.0 7.28849495633
7623.33343539 2397.89700619 2096.91024923 171.773805076 1400.0 1200.0 7.28849495633
7627.10595654 2374.98366957 2104.32301127 173.76280987 1300.0 1300.0 7.28849495633
7631.98675002 2360.92445133 2107.22649832 173.412860873 1200.0 1400.0 7.28849495633
7637.97575459 2356.81108865 2104.58860482 170.693356853 1100.0 1500.0 7.28849495633
7656.33469611 2392.29511464 2099.78894527 173.236958658 1000.0 1700.0 7.28849495633
7678.06635324 2443.33127988 2088.0177888 171.092368401 900.0 1900.0 7.28849495633
7691.59091555 2478.85646457 2089.25760599 177.098912032 900.0 2000.0 7.28849495633
7732.78933071 2658.72801645 2063.71488737 169.137409034 2000.0 900.0 7.41415866247
7719.38408596 2511.3256882 2075.66235729 168.435441327 1700.0 1000.0 7.41415866247
7725.46490119 2560.78306545 2076.40423537 174.698888645 1800.0 1000.0 7.41415866247
7715.24177294 2427.98418776 2086.62552683 168.294913448 1500.0 1100.0 7.41415866247
7720.5185548 2472.70360749 2088.23901583 176.011435403 1600.0 1100.0 7.41415866247
7717.87641426 2397.83617443 2096.99050777 172.592708992 1400.0 1200.0 7.41415866247
7721.60279925 2374.90743894 2104.41776923 174.593292466 1300.0 1300.0 7.41415866247
7726.42049361 2360.85408029 2107.3266537 174.243622963 1200.0 1400.0 7.41415866247
7732.32946275 2356.77160537 2104.68147675 171.512854083 1100.0 1500.0 7.41415866247
7750.44220874 2392.3401843 2099.86767806 174.074249385 1000.0 1700.0 7.41415866247
7771.87523367 2443.50857548 2088.07454643 171.924345443 900.0 1900.0 7.41415866247
7785.21514118 2479.09440071 2089.31498689 177.963877062 900.0 2000.0 7.41415866247
7827.11623102 2658.89480535 2063.74537921 169.918101653 2000.0 900.0 7.53982236862
7813.91570905 2511.3576423 2075.70675339 169.212261906 1700.0 1000.0 7.53982236862
7819.91215562 2560.8431678 2076.44911834 175.506235041 1800.0 1000.0 7.53982236862
7809.83892754 2427.95390923 2086.68583644 169.07155839 1500.0 1100.0 7.53982236862
7815.04534188 2472.68797665 2088.30084909 176.825534031 1600.0 1100.0 7.53982236862
7812.44498457 2397.77634443 2097.06810913 173.391297855 1400.0 1200.0 7.53982236862
7816.12633013 2374.83268006 2104.50941845 175.40317039 1300.0 1300.0 7.53982236862
7820.88256858 2360.78488465 2107.4235421 175.053770075 1200.0 1400.0 7.53982236862
7826.71368899 2356.73212862 2104.7713193 172.31201152 1100.0 1500.0 7.53982236862
7844.58698281 2392.38196009 2099.94382866 174.890748461 1000.0 1700.0 7.53982236862
7865.72981817 2443.67746193 2088.12942981 172.735651724 900.0 1900.0 7.53982236862
7921.47600535 2659.05371783 2063.77485003 170.679651272 2000.0 900.0 7.66548607476
7908.47361 2511.38718367 2075.74967455 169.970040916 1700.0 1000.0 7.66548607476
7914.3881174 2560.89965511 2076.49250814 176.293788338 1800.0 1000.0 7.66548607476
7904.46018134 2427.92360875 2086.74416205 169.829168116 1500.0 1100.0 7.66548607476
7909.59814728 2472.67166702 2088.36064381 177.619676678 1600.0 1100.0 7.66548607476
7907.03819015 2397.71749589 2097.14318168 174.170311952 1400.0 1200.0 7.66548607476
7910.67555522 2374.75935078 2104.59810815 176.193194238 1300.0 1300.0 7.66548607476
7915.37191617 2360.71683965 2107.5173198 175.844052968 1200.0 1400.0 7.66548607476
7921.12728306 2356.69269474 2104.85827768 173.091569727 1100.0 1500.0 7.66548607476
7938.76758582 2392.42065337 2100.01752175 175.687212287 1000.0 1700.0 7.66548607476
7959.62830864 2443.83842112 2088.18253014 173.527038695 900.0 1900.0 7.66548607476
8015.86731817 2659.20521502 2063.80334946 171.422747797 2000.0 900.0 7.7911497809
8003.0567802 2511.41447006 2075.79119203 170.709464546 1700.0 1000.0 7.7911497809
8008.89166993 2560.95275289 2076.53447697 177.062261673 1800.0 1000.0 7.7911497809
7999.1046361 2427.89331617 2086.80059876 170.568428474 1500.0 1100.0 7.7911497809
8001.65512218 2397.65960872 2097.21584573 174.930456335 1400.0 1200.0 7.7911497809
8005.2495296 2374.68741049 2104.68397815 176.964078906 1300.0 1300.0 7.7911497809
8009.8875301 2360.64992091 2107.60813332 176.61518672 1200.0 1400.0 7.7911497809
8015.56915237 2356.65333642 2104.94248803 173.852234096 1100.0 1500.0 7.7911497809
8022.29476824 2362.4967956 2096.9305918 168.668008581 1000.0 1600.0 7.7911497809
8032.98265888 2392.45646015 2100.08887413 176.464361414 1000.0 1700.0 7.7911497809
8053.56900201 2443.99190151 2088.23393282 174.299222258 900.0 1900.0 7.7911497809
8110.28890764 2659.34972502 2063.83092403 172.148048639 2000.0 900.0 7.91681348705
8097.66426303 2511.43964749 2075.83137262 171.431186657 1700.0 1000.0 7.91681348705
8103.42175512 2561.00267015 2076.57509251 177.812334609 1800.0 1000.0 7.91681348705
8093.7714381 2427.86305836 2086.85523574 171.289993012 1500.0 1100.0 7.91681348705
8096.29491631 2397.60266312 2097.2862141 175.672402877 1400.0 1200.0 7.91681348705
8099.84735434 2374.61682015 2104.76715969 177.716505673 1300.0 1300.0 7.91681348705
8104.42845331 2360.58410444 2107.69612015 177.367852803 1200.0 1400.0 7.91681348705
8110.03825838 2356.61408299 2105.02407805 174.594676889 1100.0 1500.0 7.91681348705
8116.67714589 2362.50362395 2096.99690833 169.38967371 1000.0 1600.0 7.91681348705
8127.23091204 2392.48956232 2100.15799533 177.222882618 1000.0 1700.0 7.91681348705
8135.60122226 2409.71689765 2086.81579798 168.574048343 900.0 1800.0 7.91681348705
8147.5502839 2444.13832087 2088.28371787 175.052884822 900.0 1900.0 7.91681348705
8204.73958044 2659.48764565 2063.85761736 172.856180589 2000.0 900.0 8.04247719319
8192.29515043 2511.46285126 2075.87027895 172.135830658 1700.0 1000.0 8.04247719319
8188.45977541 2427.83285946 2086.90815666 171.994484841 1500.0 1100.0 8.04247719319
8190.95674988 2397.54663954 2097.35439275 176.396792182 1400.0 1200.0 8.04247719319
8204.53361325 2356.57496078 2105.10316769 175.31953914 1100.0 1500.0 8.04247719319
8211.08806813 2362.50898801 2097.06118439 170.09424494 1000.0 1600.0 8.04247719319
8221.51111983 2392.52012887 2100.22498816 177.963430834 1000.0 1700.0 8.04247719319
8229.77232961 2409.81469368 2086.86334695 169.279533122 900.0 1800.0 8.04247719319
8241.57062283 2444.27806875 2088.33196036 175.78867721 900.0 1900.0 8.04247719319
8292.84908955 2606.22837278 2063.54042651 168.405084344 1900.0 900.0 8.16814089933
8299.21820705 2659.61934704 2063.88347039 173.54774157 2000.0 900.0 8.16814089933
8286.94857983 2511.48420688 2075.90796987 172.823991235 1700.0 1000.0 8.16814089933
8283.16887533 2427.80274121 2086.95944014 172.682498375 1500.0 1100.0 8.16814089933
8285.63983948 2397.49151877 2097.42048124 177.10423537 1400.0 1200.0 8.16814089933
8285.27358583 2340.94587116 2099.10009326 168.29899632 1200.0 1300.0 8.16814089933
8299.05427677 2356.53599336 2105.17986969 176.027432435 1100.0 1500.0 8.16814089933
8305.52650157 2362.51298892 2097.12351249 170.782316869 1000.0 1600.0 8.16814089933
8323.97716222 2409.90779855 2086.90944626 169.968485107 900.0 1800.0 8.16814089933
8335.62856485 2444.41150876 2088.37873081 176.50722045 900.0 1900.0 8.16814089933
8387.43845778 2606.32066725 2063.56535201 169.05949549 1900.0 900.0 8.29380460548
8393.7237174 2659.7451739 2063.90852159 174.223302266 2000.0 900.0 8.29380460548
8381.62373126 2511.50383088 2075.94450065 173.496235985 1700.0 1000.0 8.29380460548
8377.89800199 2427.77272308 2087.00916009 173.35460095 1500.0 1100.0 8.29380460548
8376.20913104 2359.04120195 2093.96415817 168.147802718 1300.0 1200.0 8.29380460548
8380.34343859 2397.43728191 2097.48457322 177.795315742 1400.0 1200.0 8.29380460548
8379.98270953 2340.88690662 2099.16808448 168.95564573 1200.0 1300.0 8.29380460548
8393.59935345 2356.49720183 2105.25429015 176.718940567 1100.0 1500.0 8.29380460548
8399.9914627 2362.51572056 2097.18397963 171.454457087 1000.0 1600.0 8.29380460548
8418.21449063 2409.99647002 2086.95416114 170.6414728 900.0 1800.0 8.29380460548
8429.72272858 2444.53898056 2088.4240955 177.209107442 900.0 1900.0 8.29380460548
8482.05139175 2606.40871583 2063.58951633 169.698938581 1900.0 900.0 8.41946831162
8488.25509689 2659.86544761 2063.93280714 174.883407642 2000.0 900.0 8.41946831162
8476.31982472 2511.52183154 2075.97992331 174.153106919 1700.0 1000.0 8.41946831162
8472.64645421 2427.74282257 2087.05738608 174.011334337 1500.0 1100.0 8.41946831162
8470.98109093 2358.98743838 2094.02266062 168.784914393 1300.0 1200.0 8.41946831162
8474.71146262 2340.82898272 2099.23407246 169.597275791 1200.0 1300.0 8.41946831162
8488.16798993 2356.45860505 2105.32652898 177.394621083 1100.0 1500.0 8.41946831162
8494.48201489 2362.51727007 2097.24266775 172.11120768 1000.0 1600.0 8.41946831162
8512.48314538 2410.08094897 2086.99755295 171.299039194 900.0 1800.0 8.41946831162
8523.8518007 2444.66080177 2088.46811679 177.894904509 900.0 1900.0 8.41946831162
8576.68702642 2606.49275042 2063.61295328 170.323917901 1900.0 900.0 8.54513201776
8582.81138277 2659.9804681 2063.95636108 175.528578369 2000.0 900.0 8.54513201776
8571.0361177 2511.53830958 2076.01428683 174.795121886 1700.0 1000.0 8.54513201776
8567.41356342 2427.71305535 2087.10418363 174.653216158 1500.0 1100.0 8.54513201776
8565.7710261 2358.93461285 2094.07945043 169.407618248 1300.0 1200.0 8.54513201776
8569.45917362 2340.77207269 2099.29814386 170.224392253 1200.0 1300.0 8.54513201776
8574.10179555 2332.4648769 2099.24970335 168.553094188 1100.0 1400.0 8.54513201776
8588.99726554 2362.51771843 2097.29965403 172.753086629 1000.0 1600.0 8.54513201776
8606.78201338 2410.16146063 2087.03967947 171.941703173 900.0 1800.0 8.54513201776
8671.34453961 2606.5729876 2063.63569475 170.934915479 1900.0 900.0 8.67079572391
8677.39166077 2660.09051552 2063.9792155 176.159312152 2000.0 900.0 8.67079572391
8660.77547553 2463.8588605 2075.14708727 168.469980898 1600.0 1000.0 8.67079572391
8665.77190292 2511.55335877 2076.04763736 175.422775891 1700.0 1000.0 8.67079572391
8662.19869179 2427.68343542 2087.14961453 175.280741207 1500.0 1100.0 8.67079572391
8660.57832879 2358.88270151 2094.13460106 170.016394273 1300.0 1200.0 8.67079572391
8664.22520146 2340.71615062 2099.3603804 170.837478574 1200.0 1300.0 8.67079572391
8668.81423122 2332.42084973 2099.31110272 169.16142777 1100.0 1400.0 8.67079572391
8683.53636355 2362.51714095 2097.35501126 173.380589127 1000.0 1600.0 8.67079572391
8701.11003441 2410.23821587 2087.08059519 172.569960827 900.0 1800.0 8.67079572391
8766.02314931 2606.64962984 2063.65777079 171.532392302 1900.0 900.0 8.79645943005
8771.99506198 2660.19585183 2064.00140063 176.776084973 2000.0 900.0 8.79645943005
8755.58948883 2463.85772477 2075.17903458 169.058253801 1600.0 1000.0 8.79645943005
8760.52650627 2511.56706645 2076.08001843 176.036542335 1700.0 1000.0 8.79645943005
8757.00123044 2427.6539753 2087.19373707 175.894382684 1500.0 1100.0 8.79645943005
8755.40241848 2358.83168124 2094.18818182 170.611701514 1300.0 1200.0 8.79645943005
8759.00893378 2340.66119145 2099.42085928 171.436997128 1200.0 1300.0 8.79645943005
8763.54562054 2332.37737357 2099.3707743 169.756294512 1100.0 1400.0 8.79645943005
8778.09849686 2362.5156077 2097.40880816 173.994188808 1000.0 1600.0 8.79645943005
8795.46619805 2410.31141219 2087.12035151 173.18428667 900.0 1800.0 8.79645943005
8860.72211118 2606.72286659 2063.67920977 172.116789442 1900.0 900.0 8.9221231362
8866.62076004 2660.2967222 2064.02294504 177.379352257 2000.0 900.0 8.9221231362
8850.42023029 2463.85589103 2075.21006745 169.633653315 1600.0 1000.0 8.9221231362
8855.2992848 2511.57951408 2076.11147114 176.636874169 1700.0 1000.0 8.9221231362
8851.82059782 2427.62468612 2087.2366063 176.494593354 1500.0 1100.0 8.9221231362
8850.2427403 2358.78152972 2094.2402582 171.193979195 1300.0 1200.0 8.9221231362
8853.80978529 2340.60717096 2099.47965342 172.023390326 1200.0 1300.0 8.9221231362
8858.2953341 2332.3344434 2099.42878969 170.338133519 1100.0 1400.0 8.9221231362
8872.68289025 2362.51318391 2097.46110964 174.594338895 1000.0 1600.0 8.9221231362
8889.84954069 2410.38123477 2087.15899696 173.785134798 900.0 1800.0 8.9221231362
8909.83867574 2470.84114509 2072.9741028 168.20725899 800.0 2000.0 8.9221231362
8955.44071627 2606.79287525 2063.70003848 172.688529109 1900.0 900.0 9.04778684234
8961.26796847 2660.39335625 2064.04387566 177.969549961 2000.0 900.0 9.04778684234
8945.26714028 2463.85340767 2075.24022408 170.196594931 1600.0 1000.0 9.04778684234
8950.08962492 2511.59077767 2076.14203432 177.224204984 1700.0 1000.0 9.04778684234
8942.47743879 2385.23670471 2085.26582876 168.45247578 1400.0 1100.0 9.04778684234
8946.65623819 2427.5955778 2087.27827425 177.081806631 1500.0 1100.0 9.04778684234
8945.09876367 2358.73222531 2094.29089212 171.763647766 1300.0 1200.0 9.04778684234
8948.62719634 2340.55406566 2099.53683178 172.597081686 1200.0 1300.0 9.04778684234
8953.06277021 2332.29205387 2099.48521659 170.907365143 1100.0 1400.0 9.04778684234
8967.28880322 2362.50993039 2097.51197704 175.181473284 1000.0 1600.0 9.04778684234
8984.25914286 2410.44785735 2087.1965774 174.372939961 900.0 1800.0 9.04778684234
9004.01579483 2471.0030344 2072.99875909 168.779172977 800.0 2000.0 9.04778684234
9050.1782889 2606.8598221 2063.72028223 173.248015648 1900.0 900.0 9.17345054848
9040.12968414 2463.85031979 2075.26954058 170.747476554 1600.0 1000.0 9.17345054848
9044.89694075 2511.60092821 2076.17174466 177.798950025 1700.0 1000.0 9.17345054848
9037.37536221 2385.20242426 2085.30504504 168.997923548 1400.0 1100.0 9.17345054848
9041.50762016 2427.56665911 2087.31879012 177.656437597 1500.0 1100.0 9.17345054848
9039.96998096 2358.68374706 2094.34014217 172.321109895 1300.0 1200.0 9.17345054848
9043.46063148 2340.50185288 2099.59245965 173.158476812 1200.0 1300.0 9.17345054848
9047.84735335 2332.25019932 2099.54011909 171.464391971 1100.0 1400.0 9.17345054848
9061.91552806 2362.5059038 2097.56146844 175.756007548 1000.0 1600.0 9.17345054848
9078.69412664 2410.51144306 2087.23313622 174.948118573 900.0 1800.0 9.17345054848
9098.22382804 2471.1587827 2073.02274253 169.33878996 800.0 2000.0 9.17345054848
9139.57198365 2554.93866401 2063.33357198 168.130265152 1800.0 900.0 9.29911425463
9144.93418468 2606.9238631 2063.73996498 173.795636464 1900.0 900.0 9.29911425463
9135.00735077 2463.84666937 2075.29805115 171.286679423 1600.0 1000.0 9.29911425463
9132.28747193 2385.1685676 2085.34319395 169.531808365 1400.0 1100.0 9.29911425463
9134.85590625 2358.63607471 2094.38806381 172.866751389 1300.0 1200.0 9.29911425463
9138.3095782 2340.45051062 2099.64659884 173.707964336 1200.0 1300.0 9.29911425463
9142.64853281 2332.20887385 2099.59355788 172.009599742 1100.0 1400.0 9.29911425463
9156.56238803 2362.50115701 2097.60963879 176.318339893 1000.0 1600.0 9.29911425463
9163.27167609 2377.35776361 2085.51307682 168.399218619 900.0 1700.0 9.29911425463
9173.15365332 2410.57214519 2087.26871445 175.511069661 900.0 1800.0 9.29911425463
9192.46173579 2471.30868146 2073.04608028 169.886498551 800.0 2000.0 9.29911425463
9234.40723052 2554.97979802 2063.35260279 168.648032498 1800.0 900.0 9.42477796077
9239.70778866 2606.98514468 2063.75910941 174.331762896 1900.0 900.0 9.42477796077
9229.89965135 2463.84249553 2075.32578813 171.814568964 1600.0 1000.0 9.42477796077
9227.21331706 2385.13513036 2085.38031804 170.054492003 1400.0 1100.0 9.42477796077
9229.75607421 2358.58918863 2094.4347096 173.400942062 1300.0 1200.0 9.42477796077
9233.17354565 2340.4000176 2099.69930792 174.245916784 1200.0 1300.0 9.42477796077
9237.4657813 2332.16807133 2099.64559047 172.543358219 1100.0 1400.0 9.42477796077
9242.63305655 2334.36233929 2093.85657619 168.273821293 1000.0 1500.0 9.42477796077
9251.22873568 2362.49573937 2097.65654018 176.868852045 1000.0 1600.0 9.42477796077
9257.8629797 2377.39256865 2085.54704709 168.925805181 900.0 1700.0 9.42477796077
9267.63692124 2410.63010786 2087.303351 176.062175755 900.0 1800.0 9.42477796077
9286.72852539 2471.45300524 2073.06879806 170.422671313 800.0 2000.0 9.42477796077
9329.25813625 2555.01901137 2063.37112031 169.155046 1800.0 900.0 9.55044166691
9334.49851368 2607.0438044 2063.77773697 174.856751039 1900.0 900.0 9.55044166691
9324.80611808 2463.83783478 2075.3527822 172.331495599 1600.0 1000.0 9.55044166691
9322.1524657 2385.10210801 2085.4164576 170.566321384 1400.0 1100.0 9.55044166691
9324.67003898 2358.5430698 2094.4801294 173.92403655 1300.0 1200.0 9.55044166691
9328.05206358 2340.35035323 2099.75064248 174.772691397 1200.0 1300.0 9.55044166691
9332.29859375 2332.12778548 2099.69627142 173.066021998 1100.0 1400.0 9.55044166691
9337.40990236 2334.34471731 2093.89975602 168.784474378 1000.0 1500.0 9.55044166691
9345.91395124 2362.48969695 2097.70222199 177.40791009 1000.0 1600.0 9.55044166691
9352.47486766 2377.42556174 2085.58013053 169.441430469 900.0 1700.0 9.55044166691
9362.1431637 2410.6854667 2087.33708272 176.601803728 900.0 1800.0 9.55044166691
9381.0232483 2471.59201282 2073.09092023 170.947665567 800.0 2000.0 9.55044166691
9424.12419313 2555.05640108 2063.38914474 169.651635469 1800.0 900.0 9.67610537306
9429.30579873 2607.09997158 2063.79586805 175.370942509 1900.0 900.0 9.67610537306
9419.72630313 2463.83272117 2075.37906244 172.837795503 1600.0 1000.0 9.67610537306
9417.10450395 2385.06949583 2085.45165088 171.067629325 1400.0 1100.0 9.67610537306
9419.59737317 2358.49769981 2094.52437048 174.436375079 1300.0 1200.0 9.67610537306
9422.9446812 2340.30149753 2099.80065524 175.288630907 1200.0 1300.0 9.67610537306
9427.14648613 2332.08800987 2099.7456525 173.577931274 1100.0 1400.0 9.67610537306
9432.20305808 2334.3269423 2093.94182743 169.28461575 1000.0 1500.0 9.67610537306
9440.61744119 2362.48307282 2097.74673109 177.93586526 1000.0 1600.0 9.67610537306
9447.10668645 2377.4568353 2085.61236137 169.946430643 900.0 1700.0 9.67610537306
9456.67164706 2410.73834941 2087.36994457 177.130305576 900.0 1800.0 9.67610537306
9475.34499775 2471.72594836 2073.11246991 171.461824164 800.0 2000.0 9.67610537306
9519.00491551 2555.09205839 2063.40669524 170.138117437 1800.0 900.0 9.8017690792
9524.12910751 2607.15376793 2063.81352195 175.874665171 1900.0 900.0 9.8017690792
9514.65977749 2463.8271865 2075.40465643 173.33379132 1600.0 1000.0 9.8017690792
9512.06903498 2385.037289 2085.48593418 171.55873525 1400.0 1100.0 9.8017690792
9514.53766692 2358.4530608 2094.56747777 174.938284184 1300.0 1200.0 9.8017690792
9517.85096622 2340.25343118 2099.84939628 175.794064256 1200.0 1300.0 9.8017690792
9522.00899436 2332.04873795 2099.79378288 174.07941256 1100.0 1400.0 9.8017690792
9527.01201853 2334.30903499 2093.98283245 169.774564579 1000.0 1500.0 9.8017690792
9541.75781026 2377.48647636 2085.64377212 170.441128358 900.0 1700.0 9.8017690792
9551.22166895 2410.7888763 2087.40196973 177.648019164 900.0 1800.0 9.8017690792
9569.69290636 2471.85504228 2073.13346901 171.965476194 800.0 2000.0 9.8017690792
9613.89983864 2555.12606918 2063.42379003 170.614795815 1800.0 900.0 9.92743278534
9618.96792708 2607.205308 2063.830717 176.368233819 1900.0 900.0 9.92743278534
9609.60613002 2463.82126046 2075.42959039 173.81979283 1600.0 1000.0 9.92743278534
9607.04567815 2385.00548255 2085.51934197 172.039945846 1400.0 1100.0 9.92743278534
9609.49052699 2358.40913547 2094.60949392 175.430077389 1300.0 1200.0 9.92743278534
9612.77050389 2340.20613542 2099.89691321 176.289307282 1200.0 1300.0 9.92743278534
9616.8856733 2332.0099631 2099.8407093 174.570779365 1100.0 1400.0 9.92743278534
9621.83629931 2334.29101456 2094.02281102 170.254627328 1000.0 1500.0 9.92743278534
9636.42763945 2377.51456684 2085.67439365 170.92583343 900.0 1700.0 9.92743278534
9664.06614403 2471.97951226 2073.15393836 172.458937671 800.0 2000.0 9.92743278534
9708.80851748 2555.15851428 2063.44044637 171.081962511 1800.0 900.0 10.0530964915
9713.82176654 2607.25469975 2063.84747061 176.851950818 1900.0 900.0 10.0530964915
9704.56496653 2463.81497082 2075.45388919 174.296097581 1600.0 1000.0 10.0530964915
9702.0340682 2384.97407147 2085.55190703 172.511555695 1400.0 1100.0 10.0530964915
9704.45557594 2358.36590707 2094.65045949 175.91205584 1300.0 1200.0 10.0530964915
9707.70289611 2340.15959211 2099.94325129 176.774663361 1200.0 1300.0 10.0530964915
9711.77609575 2331.9716786 2099.88647618 175.052332829 1100.0 1400.0 10.0530964915
9716.67543575 2334.27289879 2094.06180112 170.725098371 1000.0 1500.0 10.0530964915
9731.11559919 2377.54118396 2085.70425529 171.400843464 900.0 1700.0 10.0530964915
9758.46391594 2472.09956401 2073.17389775 172.942512169 800.0 2000.0 10.0530964915
9803.73052569 2555.1894699 2063.4566807 171.539898017 1800.0 900.0 10.1787601976
9808.69015583 2607.30204497 2063.86379935 177.326106707 1900.0 900.0 10.1787601976
9799.5359089 2463.80834351 2075.47757651 174.762991486 1600.0 1000.0 10.1787601976
9797.03385445 2384.94305064 2085.58366051 172.973847856 1400.0 1100.0 10.1787601976
9799.43245134 2358.32335932 2094.69041307 176.384508913 1300.0 1200.0 10.1787601976
9802.64776063 2340.11378362 2099.98845356 177.25042401 1200.0 1300.0 10.1787601976
9806.67985162 2331.9338777 2099.93112581 175.524362325 1100.0 1400.0 10.1787601976
9811.52898188 2334.25470418 2094.09983886 171.18626058 1000.0 1500.0 10.1787601976
9825.82113822 2377.56640053 2085.73338496 171.866444444 900.0 1700.0 10.1787601976
9852.88546061 2472.2153921 2073.19336599 173.41649142 800.0 2000.0 10.1787601976
9898.66545461 2555.21900786 2063.47250864 171.988871956 1800.0 900.0 10.3044239038
9903.57264466 2607.34743967 2063.87971894 177.790980771 1900.0 900.0 10.3044239038
9894.51859422 2463.80140282 2075.50067487 175.220749379 1600.0 1000.0 10.3044239038
9892.04470011 2384.9124149 2085.61463209 173.427094427 1400.0 1100.0 10.3044239038
9894.42080501 2358.28147647 2094.7293914 176.847714777 1300.0 1200.0 10.3044239038
9897.60473022 2340.06869289 2100.03256105 177.716869462 1200.0 1300.0 10.3044239038
9901.59654701 2331.89655364 2099.97469846 175.987146026 1100.0 1400.0 10.3044239038
9906.3965095 2334.23644598 2094.13695865 171.638385881 1000.0 1500.0 10.3044239038
9920.54372761 2377.59028525 2085.76180921 172.322911293 900.0 1700.0 10.3044239038
9947.33004821 2472.32718066 2073.21236098 173.881155886 800.0 2000.0 10.3044239038
9993.61291237 2555.24719594 2063.48794507 172.429143602 1800.0 900.0 10.4300876099
9989.5126741 2463.79417148 2075.52320568 175.669635551 1600.0 1000.0 10.4300876099
9987.06628157 2384.88215906 2085.64484998 173.871557063 1400.0 1100.0 10.4300876099
9989.42030235 2358.24024322 2094.76742946 177.301940928 1300.0 1200.0 10.4300876099
9996.52580345 2331.85969961 2100.01723246 176.440951434 1100.0 1400.0 10.4300876099
10001.2776073 2334.21813836 2094.17319324 172.081735772 1000.0 1500.0 10.4300876099
10015.2828596 2377.61290295 2085.78955334 172.770508398 900.0 1700.0 10.4300876099
10031.7153049 2435.26889891 2072.4631623 168.378906201 800.0 1900.0 10.4300876099
10041.7969789 2472.43510401 2073.23089976 174.336775289 800.0 2000.0 10.4300876099
10088.572523 2555.27409813 2063.50300414 172.86096237 1800.0 900.0 10.5557513161
10080.5566867 2418.1353814 2074.43837279 168.375859025 1500.0 1000.0 10.5557513161
10084.5178139 2463.78667074 2075.54518938 176.10990424 1600.0 1000.0 10.5557513161
10082.0982878 2384.8522779 2085.67434111 174.307487472 1400.0 1100.0 10.5557513161
10084.4306217 2358.19964475 2094.80456059 177.747444696 1300.0 1200.0 10.5557513161
10091.4672571 2331.82330882 2100.05876437 176.886035888 1100.0 1400.0 10.5557513161
10096.1718802 2334.19979442 2094.20857384 172.516561817 1000.0 1500.0 10.5557513161
10110.0380466 2377.63431488 2085.81664143 173.209490106 900.0 1700.0 10.5557513161
10126.3051062 2435.34744376 2072.48114937 168.808881123 800.0 1900.0 10.5557513161
10136.2855812 2472.53932734 2073.24899855 174.783609117 800.0 2000.0 10.5557513161
10183.5439256 2555.29977487 2063.51769933 173.284568276 1800.0 900.0 10.6814150222
10175.6118016 2418.12109893 2074.4594676 168.788012272 1500.0 1000.0 10.6814150222
10179.533692 2463.77892052 2075.5666454 176.541800109 1600.0 1000.0 10.6814150222
10177.1404196 2384.82276619 2085.70313111 174.735127878 1400.0 1100.0 10.6814150222
10186.4205582 2331.78737449 2100.09932907 177.322647041 1100.0 1400.0 10.6814150222
10191.078948 2334.18142632 2094.24313023 172.943106108 1000.0 1500.0 10.6814150222
10204.8088202 2377.65457893 2085.84309646 173.640101194 900.0 1700.0 10.6814150222
10220.9138752 2435.42322477 2072.49871472 169.230647508 800.0 1900.0 10.6814150222
10230.7952107 2472.64000723 2073.26667285 175.221907107 800.0 2000.0 10.6814150222
10278.5267738 2555.32428328 2063.53204352 173.700192377 1800.0 900.0 10.8070787283
10270.6765586 2418.1068034 2074.48006281 169.192402633 1500.0 1000.0 10.8070787283
10274.5599993 2463.7709395 2075.5875923 176.965558686 1600.0 1000.0 10.8070787283
10272.1923893 2384.79361869 2085.73124445 175.154711468 1400.0 1100.0 10.8070787283
10281.3853702 2331.75188987 2100.13895981 177.751023304 1100.0 1400.0 10.8070787283
10285.9984455 2334.16304531 2094.27689081 173.361601708 1000.0 1500.0 10.8070787283
10299.5947302 2377.6737498 2085.86894035 174.062577313 900.0 1700.0 10.8070787283
10315.5410565 2435.49635926 2072.515873 169.64443653 800.0 1900.0 10.8070787283
10325.3252486 2472.73729219 2073.28393739 175.651909685 800.0 2000.0 10.8070787283
10373.5207345 2555.34767739 2063.54604897 174.10805718 1800.0 900.0 10.9327424345
10365.7506842 2418.09250321 2074.50017576 169.589246467 1500.0 1000.0 10.9327424345
10369.5964385 2463.76274517 2075.60804778 177.381406788 1600.0 1000.0 10.9327424345
10367.25392 2384.76483018 2085.75870447 175.566462798 1400.0 1100.0 10.9327424345
10366.4690664 2323.00011877 2090.44971326 168.165489654 1200.0 1200.0 10.9327424345
10380.9300211 2334.14466182 2094.30988271 173.772273062 1000.0 1500.0 10.9327424345
10394.3953435 2377.69187929 2085.894194 174.477145403 900.0 1700.0 10.9327424345
10410.1861167 2435.56695855 2072.53263819 170.050470828 800.0 1900.0 10.9327424345
10419.8751003 2472.83132318 2073.30080626 176.073848402 800.0 2000.0 10.9327424345
10464.1803797 2505.00052905 2063.07327864 168.23693751 1700.0 900.0 11.0584061406
10468.5254878 2555.37000832 2063.55972738 174.508377035 1800.0 900.0 11.0584061406
10460.8339154 2418.07820614 2074.519823 169.978752197 1500.0 1000.0 11.0584061406
10464.6427235 2463.75435393 2075.62802871 177.789562914 1600.0 1000.0 11.0584061406
10462.3247451 2384.73639544 2085.78553346 175.970598198 1400.0 1100.0 11.0584061406
10461.5481417 2322.96453367 2090.48079965 168.55257377 1200.0 1200.0 11.0584061406
10464.8129902 2310.26997551 2093.03046072 168.044343907 1100.0 1300.0 11.0584061406
10475.8733364 2334.1262855 2094.34213181 174.175336395 1000.0 1500.0 11.0584061406
10489.2102438 2377.70901637 2085.9188774 174.884024094 900.0 1700.0 11.0584061406
10504.8485428 2435.6351283 2072.54902363 170.448964886 800.0 1900.0 11.0584061406
10514.4441946 2472.92223402 2073.3172929 176.487946332 800.0 2000.0 11.0584061406
10559.2377963 2505.011349 2063.08654688 168.615178494 1700.0 900.0 11.1840698468
10563.5407261 2555.39132445 2063.57308993 174.9013585 1800.0 900.0 11.1840698468
10555.9259991 2418.06391935 2074.53902035 170.361120676 1500.0 1000.0 11.1840698468
10557.4046078 2384.7083093 2085.81175271 176.367326133 1400.0 1100.0 11.1840698468
10556.6360759 2322.92948677 2090.51118753 168.9325626 1200.0 1200.0 11.1840698468
10559.8707935 2310.23648775 2093.06269901 168.423895218 1100.0 1300.0 11.1840698468
10570.8280657 2334.10792528 2094.37366288 174.571000074 1000.0 1500.0 11.1840698468
10584.0390303 2377.72520745 2085.94300961 175.283424077 900.0 1700.0 11.1840698468
10599.5278415 2435.70096884 2072.56504209 170.840125404 800.0 1900.0 11.1840698468
10609.0319822 2473.01015186 2073.33341015 176.894418455 800.0 2000.0 11.1840698468
10654.3045665 2505.02151672 2063.09951243 168.986550252 1700.0 900.0 11.3097335529
10658.5661534 2555.41167164 2063.58614729 175.287200694 1800.0 900.0 11.3097335529
10651.0266913 2418.04964952 2074.55778291 170.736545518 1500.0 1000.0 11.3097335529
10652.4932609 2384.6805666 2085.83738259 176.756847565 1400.0 1100.0 11.3097335529
10651.7326275 2322.89496595 2090.54090002 169.305648639 1200.0 1200.0 11.3097335529
10654.9377699 2310.20346652 2093.09422536 168.796548883 1100.0 1300.0 11.3097335529
10665.7938952 2334.08958943 2094.40449957 174.95946497 1000.0 1500.0 11.3097335529
10678.8813173 2377.74049648 2085.96660888 175.675548461 900.0 1700.0 11.3097335529
10694.2235384 2435.76457552 2072.58070575 171.224151644 800.0 1900.0 11.3097335529
10703.6379346 2473.09519755 2073.34917028 177.293472016 800.0 2000.0 11.3097335529
10749.380431 2505.03106316 2063.1121854 169.351237504 1700.0 900.0 11.4353972591
10753.6014851 2555.43109332 2063.59890968 175.666095626 1800.0 900.0 11.4353972591
10746.135757 2418.03540277 2074.57612513 171.105213427 1500.0 1000.0 11.4353972591
10747.590466 2384.65316221 2085.86244254 177.139356277 1400.0 1100.0 11.4353972591
10746.8375639 2322.86095947 2090.56995924 169.672017509 1200.0 1200.0 11.4353972591
10750.0136713 2310.17090261 2093.12506298 169.162490418 1100.0 1300.0 11.4353972591
10760.7705226 2334.0712856 2094.43466453 175.340924782 1000.0 1500.0 11.4353972591
10765.9065882 2346.03979858 2083.87160598 168.237144757 900.0 1600.0 11.4353972591
10773.7367332 2377.75492513 2085.98969265 176.060593109 900.0 1700.0 11.4353972591
10788.9351766 2435.82603898 2072.59602626 171.601235763 800.0 1900.0 11.4353972591
10798.2615435 2473.17748601 2073.36458503 177.685306872 800.0 2000.0 11.4353972591
10853.8957349 2656.95697433 2051.38750966 168.137614142 2000.0 800.0 11.5610609652
10844.4651398 2505.04001763 2063.12457546 169.709418431 1700.0 900.0 11.5610609652
10848.6464469 2555.44963067 2063.61138685 176.038228508 1800.0 900.0 11.5610609652
10841.2529698 2418.0211848 2074.59406082 171.467304499 1500.0 1000.0 11.5610609652
10842.6959933 2384.62609105 2085.88695119 177.5150392 1400.0 1100.0 11.5610609652
10841.9506606 2322.82745592 2090.59838637 170.031848264 1200.0 1200.0 11.5610609652
10845.0982585 2310.13878699 2093.1552341 169.521898771 1100.0 1300.0 11.5610609652
10855.7576564 2334.05302086 2094.46417943 175.715566358 1000.0 1500.0 11.5610609652
10860.8462024 2346.04267 2083.89359826 168.597120404 900.0 1600.0 11.5610609652
10868.6049201 2377.7685329 2086.01227762 176.438746955 900.0 1700.0 11.5610609652
10883.6623165 2435.88544541 2072.61101476 171.971563118 800.0 1900.0 11.5610609652
10948.8969485 2657.01067449 2051.39530953 168.486399665 2000.0 800.0 11.6867246714
10939.5584521 2505.04840792 2063.13669187 170.061264961 1700.0 900.0 11.6867246714
10943.700775 2555.46732279 2063.62358813 176.403778054 1800.0 900.0 11.6867246714
10936.3781114 2418.00700085 2074.61160321 171.822992508 1500.0 1000.0 11.6867246714
10934.6713964 2344.97188941 2083.36985777 168.222536334 1300.0 1100.0 11.6867246714
10937.8096211 2384.5993481 2085.91092637 177.8840767 1400.0 1100.0 11.6867246714
10937.0717011 2322.79444423 2090.62620167 170.385313677 1200.0 1200.0 11.6867246714
10940.1913007 2310.10711086 2093.18476001 169.874946616 1100.0 1300.0 11.6867246714
10950.7550159 2334.03480173 2094.493065 176.083569992 1000.0 1500.0 11.6867246714
10955.7969325 2346.04507526 2083.91512056 168.950714667 900.0 1600.0 11.6867246714
10963.4855331 2377.78135726 2086.03437977 176.810192307 900.0 1700.0 11.6867246714
10978.4045343 2435.94287684 2072.62568194 172.33531257 800.0 1900.0 11.6867246714
11043.908393 2657.06261876 2051.40293802 168.82906776 2000.0 800.0 11.8123883775
11034.6601359 2505.05626035 2063.14854349 170.406943039 1700.0 900.0 11.8123883775
11038.7642149 2555.48420674 2063.63552247 176.762916758 1800.0 900.0 11.8123883775
11031.5109712 2417.99285576 2074.62876495 172.172445184 1500.0 1000.0 11.8123883775
11029.8208628 2344.94472353 2083.39231348 168.564729971 1300.0 1100.0 11.8123883775
11032.2004767 2322.76191365 2090.65342456 170.732580506 1200.0 1200.0 11.8123883775
11035.2925754 2310.07586565 2093.21366108 170.221800617 1100.0 1300.0 11.8123883775
11045.7623298 2334.01663426 2094.52134113 176.445109705 1000.0 1500.0 11.8123883775
11050.7584824 2346.04703796 2083.93618777 169.298094887 900.0 1600.0 11.8123883775
11058.3782398 2377.79343379 2086.05601439 177.175105134 900.0 1700.0 11.8123883775
11073.1614221 2435.99841136 2072.64003801 172.692656758 800.0 1900.0 11.8123883775
11138.9297871 2657.11287687 2051.41040065 169.165777367 2000.0 800.0 11.9380520836
11129.7699676 2505.06359989 2063.1601388 170.746612885 1700.0 900.0 11.9380520836
11133.8365216 2555.50031775 2063.64719843 177.115811163 1800.0 900.0 11.9380520836
11126.6513461 2417.97875399 2074.64555817 172.515824469 1500.0 1000.0 11.9380520836
11124.9775108 2344.91792315 2083.41429188 168.900976437 1300.0 1100.0 11.9380520836
11127.3367857 2322.72985374 2090.68007364 171.073809762 1200.0 1200.0 11.9380520836
11130.4018677 2310.04504297 2093.24195687 170.56262169 1100.0 1300.0 11.9380520836
11140.7793369 2333.99852399 2094.54902686 176.80035352 1000.0 1500.0 11.9380520836
11145.7305663 2346.04858045 2083.95681416 169.639422634 900.0 1600.0 11.9380520836
11153.2827194 2377.80479626 2086.07719616 177.533655336 900.0 1700.0 11.9380520836
11167.9325864 2436.05212334 2072.65409276 173.043762371 800.0 1900.0 11.9380520836
11233.9608599 2657.16151516 2051.41770271 169.496681988 2000.0 800.0 12.0637157898
11224.8877314 2505.07045023 2063.17148592 171.080429239 1700.0 900.0 12.0637157898
11228.9174589 2555.51568926 2063.6586242 177.462622115 1800.0 900.0 12.0637157898
11221.7990401 2417.96469966 2074.66199449 172.853286769 1500.0 1000.0 12.0637157898
11220.1411549 2344.89148123 2083.43580788 169.231428881 1300.0 1100.0 12.0637157898
11222.4804335 2322.69825437 2090.70616675 171.409156946 1200.0 1200.0 12.0637157898
11225.5189702 2310.01463464 2093.26966611 170.897565249 1100.0 1300.0 12.0637157898
11235.8057847 2333.98047607 2094.57614045 177.149463711 1000.0 1500.0 12.0637157898
11240.7129082 2346.0497239 2083.9770134 169.97485395 900.0 1600.0 12.0637157898
11248.1986625 2377.81547675 2086.09793913 177.886007003 900.0 1700.0 12.0637157898
11262.7176479 2436.10408364 2072.66785558 173.388790396 800.0 1900.0 12.0637157898
11329.0013504 2657.20859681 2051.42484926 169.821929915 2000.0 800.0 12.1893794959
11320.0132192 2505.07683385 2063.18259266 171.408541589 1700.0 900.0 12.1893794959
11324.0067988 2555.53035307 2063.66980764 177.803505003 1800.0 900.0 12.1893794959
11316.953864 2417.95069656 2074.67808504 173.18498318 1500.0 1000.0 12.1893794959
11315.3116154 2344.86539093 2083.45687581 169.556235257 1300.0 1100.0 12.1893794959
11317.6312321 2322.66710568 2090.731721 171.738772286 1200.0 1200.0 12.1893794959
11320.6436827 2309.98463269 2093.29680678 171.226781433 1100.0 1300.0 12.1893794959
11330.8414297 2333.96249521 2094.60269943 177.49259705 1000.0 1500.0 12.1893794959
11335.7052422 2346.05048842 2083.99679862 170.304539588 900.0 1600.0 12.1893794959
11357.5162408 2436.15435982 2072.68133545 173.727896361 800.0 1900.0 12.1893794959
11424.0510071 2657.25418202 2051.43184515 170.141664452 2000.0 800.0 12.3150432021
11415.1462303 2505.08277211 2063.19346646 171.731094394 1700.0 900.0 12.3150432021
11412.1156349 2417.93674817 2074.69384051 173.511059716 1500.0 1000.0 12.3150432021
11410.4887191 2344.83964554 2083.47750941 169.875538541 1300.0 1100.0 12.3150432021
11412.789 2322.63639811 2090.75675281 172.062800953 1200.0 1200.0 12.3150432021
11415.7758115 2309.9550293 2093.32339613 171.550415334 1100.0 1300.0 12.3150432021
11419.449296 2307.98872718 2090.04824063 168.30379228 1000.0 1400.0 12.3150432021
11425.8860366 2333.94458575 2094.6287206 177.829905033 1000.0 1500.0 12.3150432021
11430.7073112 2346.05089304 2084.0161824 170.628625227 900.0 1600.0 12.3150432021
11452.328012 2436.20301629 2072.69454103 174.061230563 800.0 1900.0 12.3150432021
11519.1095874 2657.29832816 2051.43869504 170.45602412 2000.0 800.0 12.4407069082
11510.2865707 2505.08828529 2063.20411451 172.048227295 1700.0 900.0 12.4407069082
11507.2841764 2417.9228577 2074.70927116 173.831657521 1500.0 1000.0 12.4407069082
11505.6722984 2344.81423853 2083.49772187 170.189476939 1300.0 1100.0 12.4407069082
11507.9535615 2322.60612236 2090.78127794 172.381383279 1200.0 1200.0 12.4407069082
11510.9151698 2309.92581688 2093.3494507 171.868607201 1100.0 1300.0 12.4407069082
11514.5572633 2307.96778462 2090.07183891 168.61646281 1000.0 1400.0 12.4407069082
11525.7188669 2346.05095584 2084.03517682 170.947251686 900.0 1600.0 12.4407069082
11547.1526207 2436.25011453 2072.70748058 174.388938284 800.0 1900.0 12.4407069082
