9209.09786519 2857.44363257 2596.97652205 168.030194293 1400.0 1400.0 10.8950433226
9216.67474749 2857.43966658 2596.98120579 168.085636606 1400.0 1400.0 10.9076096933
9224.25174503 2857.43570573 2596.98587886 168.140985966 1400.0 1400.0 10.9201760639
9231.82885753 2857.43175001 2596.99054129 168.196242602 1400.0 1400.0 10.9327424345
9239.40608469 2857.42779942 2596.99519313 168.251406748 1400.0 1400.0 10.9453088051
9246.98342621 2857.42385394 2596.9998344 168.306478632 1400.0 1400.0 10.9578751757
9254.56088182 2857.41991357 2597.00446515 168.361458484 1400.0 1400.0 10.9704415463
9262.13845122 2857.41597829 2597.00908541 168.416346533 1400.0 1400.0 10.9830079169
9269.71613412 2857.4120481 2597.01369521 168.471143007 1400.0 1400.0 10.9955742876
9277.29393023 2857.40812298 2597.01829459 168.525848134 1400.0 1400.0 11.0081406582
9284.87183927 2857.40420293 2597.02288358 168.580462138 1400.0 1400.0 11.0207070288
9292.44986095 2857.40028793 2597.02746222 168.634985247 1400.0 1400.0 11.0332733994
9300.02799499 2857.39637797 2597.03203055 168.689417686 1400.0 1400.0 11.04583977
9307.60624111 2857.39247306 2597.03658859 168.743759677 1400.0 1400.0 11.0584061406
9315.18459901 2857.38857316 2597.04113639 168.798011446 1400.0 1400.0 11.0709725113
9322.76306843 2857.38467829 2597.04567398 168.852173214 1400.0 1400.0 11.0835388819
9330.34164907 2857.38078842 2597.05020138 168.906245204 1400.0 1400.0 11.0961052525
9337.92034067 2857.37690355 2597.05471864 168.960227638 1400.0 1400.0 11.1086716231
9345.49914293 2857.37302366 2597.05922579 169.014120734 1400.0 1400.0 11.1212379937
9353.07805559 2857.36914876 2597.06372286 169.067924715 1400.0 1400.0 11.1338043643
9360.65707837 2857.36527882 2597.06820989 169.121639798 1400.0 1400.0 11.1463707349
9368.23621098 2857.36141384 2597.0726869 169.175266203 1400.0 1400.0 11.1589371056
9375.81545316 2857.35755381 2597.07715394 169.228804146 1400.0 1400.0 11.1715034762
9383.39480463 2857.35369871 2597.08161103 169.282253845 1400.0 1400.0 11.1840698468
9390.97426512 2857.34984855 2597.08605821 169.335615517 1400.0 1400.0 11.1966362174
9398.55383436 2857.34600331 2597.09049551 169.388889377 1400.0 1400.0 11.209202588
9406.13351207 2857.34216298 2597.09492297 169.442075639 1400.0 1400.0 11.2217689586
9413.71329798 2857.33832755 2597.09934061 169.495174519 1400.0 1400.0 11.2343353292
9421.29319182 2857.33449702 2597.10374847 169.548186229 1400.0 1400.0 11.2469016999
9428.87319333 2857.33067136 2597.10814658 169.601110983 1400.0 1400.0 11.2594680705
9436.45330224 2857.32685059 2597.11253497 169.653948993 1400.0 1400.0 11.2720344411
9444.03351828 2857.32303467 2597.11691368 169.70670047 1400.0 1400.0 11.2846008117
9451.61384119 2857.31922361 2597.12128273 169.759365625 1400.0 1400.0 11.2971671823
9459.19427069 2857.3154174 2597.12564216 169.811944668 1400.0 1400.0 11.3097335529
9466.77480653 2857.31161602 2597.12999201 169.864437808 1400.0 1400.0 11.3222999235
9474.35544844 2857.30781947 2597.13433229 169.916845255 1400.0 1400.0 11.3348662942
9481.93619616 2857.30402774 2597.13866304 169.969167216 1400.0 1400.0 11.3474326648
9489.51704943 2857.30024082 2597.14298429 170.0214039 1400.0 1400.0 11.3599990354
9497.09800798 2857.2964587 2597.14729608 170.073555511 1400.0 1400.0 11.372565406
9504.67907156 2857.29268137 2597.15159844 170.125622258 1400.0 1400.0 11.3851317766
9512.26023991 2857.28890882 2597.15589139 170.177604345 1400.0 1400.0 11.3976981472
9519.84151277 2857.28514105 2597.16017496 170.229501977 1400.0 1400.0 11.4102645178
9527.42288989 2857.28137803 2597.16444919 170.281315358 1400.0 1400.0 11.4228308885
9535.004371 2857.27761978 2597.16871411 170.333044691 1400.0 1400.0 11.4353972591
9542.58595585 2857.27386627 2597.17296974 170.38469018 1400.0 1400.0 11.4479636297
9550.16764418 2857.27011749 2597.17721613 170.436252027 1400.0 1400.0 11.4605300003
9557.74943575 2857.26637344 2597.18145328 170.487730433 1400.0 1400.0 11.4730963709
9565.3313303 2857.26263411 2597.18568125 170.539125599 1400.0 1400.0 11.4856627415
9572.91332757 2857.2588995 2597.18990005 170.590437725 1400.0 1400.0 11.4982291121
9580.49542732 2857.25516958 2597.19410971 170.641667011 1400.0 1400.0 11.5107954828
9588.07762929 2857.25144435 2597.19831028 170.692813657 1400.0 1400.0 11.5233618534
9595.65993324 2857.24772381 2597.20250176 170.743877859 1400.0 1400.0 11.535928224
9603.24233891 2857.24400794 2597.2066842 170.794859817 1400.0 1400.0 11.5484945946
9610.82484606 2857.24029674 2597.21085762 170.845759726 1400.0 1400.0 11.5610609652
9618.40745444 2857.2365902 2597.21502205 170.896577784 1400.0 1400.0 11.5736273358
9625.99016381 2857.2328883 2597.21917752 170.947314187 1400.0 1400.0 11.5861937064
9633.57297391 2857.22919104 2597.22332406 170.997969129 1400.0 1400.0 11.5987600771
9641.1558845 2857.22549842 2597.2274617 171.048542806 1400.0 1400.0 11.6113264477
9648.73889535 2857.22181041 2597.23159046 171.099035411 1400.0 1400.0 11.6238928183
9656.3220062 2857.21812702 2597.23571038 171.149447137 1400.0 1400.0 11.6364591889
9663.90521681 2857.21444823 2597.23982148 171.199778178 1400.0 1400.0 11.6490255595
9671.48852694 2857.21077404 2597.24392379 171.250028726 1400.0 1400.0 11.6615919301
9679.07193636 2857.20710444 2597.24801734 171.300198972 1400.0 1400.0 11.6741583007
9686.65544481 2857.20343941 2597.25210215 171.350289107 1400.0 1400.0 11.6867246714
9694.23905206 2857.19977896 2597.25617825 171.400299321 1400.0 1400.0 11.699291042
9701.82275788 2857.19612307 2597.26024568 171.450229805 1400.0 1400.0 11.7118574126
9709.40656202 2857.19247173 2597.26430446 171.500080747 1400.0 1400.0 11.7244237832
9716.99046425 2857.18882493 2597.26835461 171.549852336 1400.0 1400.0 11.7369901538
9724.57446432 2857.18518268 2597.27239616 171.59954476 1400.0 1400.0 11.7495565244
9732.15856201 2857.18154495 2597.27642915 171.649158207 1400.0 1400.0 11.762122895
9739.74275709 2857.17791174 2597.28045359 171.698692862 1400.0 1400.0 11.7746892657
9747.3270493 2857.17428304 2597.28446952 171.748148914 1400.0 1400.0 11.7872556363
9754.91143843 2857.17065884 2597.28847695 171.797526546 1400.0 1400.0 11.7998220069
9762.49592424 2857.16703914 2597.29247593 171.846825944 1400.0 1400.0 11.8123883775
9770.0805065 2857.16342392 2597.29646646 171.896047293 1400.0 1400.0 11.8249547481
9777.66518498 2857.15981318 2597.30044859 171.945190776 1400.0 1400.0 11.8375211187
9785.24995944 2857.15620691 2597.30442234 171.994256577 1400.0 1400.0 11.8500874893
9792.83482966 2857.1526051 2597.30838773 172.043244878 1400.0 1400.0 11.86265386
9800.41979541 2857.14900775 2597.31234479 172.092155863 1400.0 1400.0 11.8752202306
9808.00485646 2857.14541483 2597.31629354 172.140989712 1400.0 1400.0 11.8877866012
9815.59001258 2857.14182636 2597.32023401 172.189746606 1400.0 1400.0 11.9003529718
9823.17526355 2857.13824231 2597.32416623 172.238426726 1400.0 1400.0 11.9129193424
9830.76060913 2857.13466268 2597.32809023 172.287030252 1400.0 1400.0 11.925485713
9838.34604912 2857.13108747 2597.33200602 172.335557363 1400.0 1400.0 11.9380520836
9845.93158327 2857.12751665 2597.33591364 172.384008239 1400.0 1400.0 11.9506184543
9853.51721137 2857.12395024 2597.3398131 172.432383056 1400.0 1400.0 11.9631848249
9861.10293319 2857.12038821 2597.34370444 172.480681994 1400.0 1400.0 11.9757511955
9868.68874852 2857.11683056 2597.34758768 172.528905229 1400.0 1400.0 11.9883175661
9876.27465712 2857.11327728 2597.35146284 172.577052938 1400.0 1400.0 12.0008839367
9883.86065878 2857.10972836 2597.35532995 172.625125297 1400.0 1400.0 12.0134503073
9891.44675329 2857.1061838 2597.35918904 172.673122481 1400.0 1400.0 12.0260166779
9899.03294041 2857.10264358 2597.36304012 172.721044666 1400.0 1400.0 12.0385830486
9906.61921993 2857.09910771 2597.36688323 172.768892026 1400.0 1400.0 12.0511494192
9914.20559163 2857.09557616 2597.37071839 172.816664735 1400.0 1400.0 12.0637157898
9921.79205529 2857.09204894 2597.37454562 172.864362965 1400.0 1400.0 12.0762821604
9929.37861071 2857.08852604 2597.37836495 172.911986891 1400.0 1400.0 12.088848531
9936.96525765 2857.08500744 2597.3821764 172.959536685 1400.0 1400.0 12.1014149016
9944.55199591 2857.08149314 2597.38597999 173.007012517 1400.0 1400.0 12.1139812722
9952.13882527 2857.07798313 2597.38977576 173.05441456 1400.0 1400.0 12.1265476429
9959.72574552 2857.07447741 2597.39356371 173.101742984 1400.0 1400.0 12.1391140135
9967.31275644 2857.07097596 2597.39734389 173.14899796 1400.0 1400.0 12.1516803841
9974.89985782 2857.06747878 2597.4011163 173.196179657 1400.0 1400.0 12.1642467547
9982.48704946 2857.06398586 2597.40488098 173.243288244 1400.0 1400.0 12.1768131253
9990.07433112 2857.06049719 2597.40863795 173.290323889 1400.0 1400.0 12.1893794959
9997.66170262 2857.05701277 2597.41238723 173.337286762 1400.0 1400.0 12.2019458665
10005.2491637 2857.05353258 2597.41612885 173.38417703 1400.0 1400.0 12.2145122372
10012.8367143 2857.05005663 2597.41986282 173.43099486 1400.0 1400.0 12.2270786078
10020.424354 2857.04658489 2597.42358918 173.477740418 1400.0 1400.0 12.2396449784
10028.0120827 2857.04311737 2597.42730794 173.52441387 1400.0 1400.0 12.252211349
10035.5999002 2857.03965406 2597.43101913 173.571015383 1400.0 1400.0 12.2647777196
10043.1878062 2857.03619494 2597.43472277 173.617545121 1400.0 1400.0 12.2773440902
10050.7758007 2857.03274001 2597.43841888 173.664003248 1400.0 1400.0 12.2899104608
10058.3638833 2857.02928927 2597.44210749 173.71038993 1400.0 1400.0 12.3024768315
10065.9520538 2857.02584271 2597.44578861 173.756705329 1400.0 1400.0 12.3150432021
10073.5403121 2857.02240031 2597.44946228 173.802949609 1400.0 1400.0 12.3276095727
10081.128658 2857.01896207 2597.45312852 173.849122932 1400.0 1400.0 12.3401759433
10088.7170912 2857.01552799 2597.45678734 173.895225461 1400.0 1400.0 12.3527423139
10096.3056116 2857.01209805 2597.46043876 173.941257356 1400.0 1400.0 12.3653086845
10103.8942189 2857.00867225 2597.46408282 173.98721878 1400.0 1400.0 12.3778750551
10111.4829129 2857.00525058 2597.46771953 174.033109892 1400.0 1400.0 12.3904414258
10119.0716935 2857.00183303 2597.47134892 174.078930854 1400.0 1400.0 12.4030077964
10126.6605605 2856.9984196 2597.474971 174.124681823 1400.0 1400.0 12.415574167
10134.2495135 2856.99501027 2597.47858581 174.170362961 1400.0 1400.0 12.4281405376
10141.8385526 2856.99160505 2597.48219335 174.215974425 1400.0 1400.0 12.4407069082
10149.4276773 2856.98820392 2597.48579365 174.261516375 1400.0 1400.0 12.4532732788
10157.0168876 2856.98480688 2597.48938674 174.306988966 1400.0 1400.0 12.4658396494
10164.6061833 2856.98141392 2597.49297264 174.352392358 1400.0 1400.0 12.4784060201
10172.1955641 2856.97802502 2597.49655135 174.397726706 1400.0 1400.0 12.4909723907
10179.7850299 2856.9746402 2597.50012292 174.442992167 1400.0 1400.0 12.5035387613
10187.3745805 2856.97125942 2597.50368736 174.488188897 1400.0 1400.0 12.5161051319
10194.9642156 2856.9678827 2597.50724469 174.533317052 1400.0 1400.0 12.5286715025
10202.5539351 2856.96451002 2597.51079493 174.578376785 1400.0 1400.0 12.5412378731
10210.1437388 2856.96114138 2597.5143381 174.623368253 1400.0 1400.0 12.5538042437
7289.64067949 2907.14524485 2608.9065837 168.022441927 1500.0 1500.0 7.67805244537
7297.15772531 2907.13807705 2608.91875596 168.123699048 1500.0 1500.0 7.69061881599
7304.67504964 2907.13092036 2608.93088973 168.224741989 1500.0 1500.0 7.7031851866
7312.19265156 2907.12377476 2608.94298518 168.325571421 1500.0 1500.0 7.71575155722
7319.71053015 2907.11664021 2608.95504251 168.426188008 1500.0 1500.0 7.72831792783
7327.2286845 2907.1095167 2608.96706189 168.526592415 1500.0 1500.0 7.74088429845
7334.7471137 2907.1024042 2608.9790435 168.626785303 1500.0 1500.0 7.75345066906
7342.26581685 2907.09530269 2608.9909875 168.726767329 1500.0 1500.0 7.76601703967
7349.78479305 2907.08821213 2609.00289409 168.826539149 1500.0 1500.0 7.77858341029
7357.3040414 2907.08113251 2609.01476342 168.926101416 1500.0 1500.0 7.7911497809
7364.82356102 2907.07406379 2609.02659568 169.025454779 1500.0 1500.0 7.80371615152
7372.34335102 2907.06700596 2609.03839103 169.124599887 1500.0 1500.0 7.81628252213
7379.86341052 2907.05995898 2609.05014965 169.223537384 1500.0 1500.0 7.82884889275
7387.38373862 2907.05292284 2609.06187171 169.322267912 1500.0 1500.0 7.84141526336
7394.90433447 2907.0458975 2609.07355737 169.420792112 1500.0 1500.0 7.85398163397
7402.42519718 2907.03888295 2609.0852068 169.519110618 1500.0 1500.0 7.86654800459
7409.9463259 2907.03187915 2609.09682017 169.617224068 1500.0 1500.0 7.8791143752
7417.46771975 2907.02488609 2609.10839764 169.715133091 1500.0 1500.0 7.89168074582
7424.98937788 2907.01790373 2609.11993939 169.812838317 1500.0 1500.0 7.90424711643
7432.51129943 2907.01093206 2609.13144556 169.910340374 1500.0 1500.0 7.91681348705
7440.03348355 2907.00397105 2609.14291633 170.007639885 1500.0 1500.0 7.92937985766
7447.55592939 2906.99702068 2609.15435186 170.104737472 1500.0 1500.0 7.94194622828
7455.0786361 2906.99008092 2609.1657523 170.201633754 1500.0 1500.0 7.95451259889
7462.60160284 2906.98315174 2609.17711781 170.298329348 1500.0 1500.0 7.9670789695
7470.12482878 2906.97623312 2609.18844857 170.394824868 1500.0 1500.0 7.97964534012
7477.64831309 2906.96932505 2609.19974471 170.491120926 1500.0 1500.0 7.99221171073
7485.17205492 2906.96242748 2609.21100641 170.587218131 1500.0 1500.0 8.00477808135
7492.69605345 2906.95554041 2609.22223381 170.68311709 1500.0 1500.0 8.01734445196
7500.22030787 2906.94866381 2609.23342706 170.778818408 1500.0 1500.0 8.02991082258
7507.74481735 2906.94179764 2609.24458634 170.874322686 1500.0 1500.0 8.04247719319
7515.26958108 2906.9349419 2609.25571178 170.969630523 1500.0 1500.0 8.0550435638
7522.79459823 2906.92809655 2609.26680353 171.064742518 1500.0 1500.0 8.06760993442
7530.31986802 2906.92126157 2609.27786176 171.159659265 1500.0 1500.0 8.08017630503
7537.84538962 2906.91443694 2609.28888661 171.254381357 1500.0 1500.0 8.09274267565
7545.37116223 2906.90762264 2609.29987823 171.348909382 1500.0 1500.0 8.10530904626
7552.89718507 2906.90081864 2609.31083677 171.44324393 1500.0 1500.0 8.11787541688
7560.42345733 2906.89402491 2609.32176237 171.537385586 1500.0 1500.0 8.13044178749
7567.94997822 2906.88724144 2609.33265519 171.631334932 1500.0 1500.0 8.1430081581
7575.47674695 2906.8804682 2609.34351536 171.725092549 1500.0 1500.0 8.15557452872
7583.00376274 2906.87370517 2609.35434304 171.818659016 1500.0 1500.0 8.16814089933
7590.53102481 2906.86695232 2609.36513837 171.912034909 1500.0 1500.0 8.18070726995
7598.05853237 2906.86020964 2609.37590148 172.005220802 1500.0 1500.0 8.19327364056
7605.58628466 2906.8534771 2609.38663254 172.098217266 1500.0 1500.0 8.20584001118
7613.1142809 2906.84675467 2609.39733166 172.191024871 1500.0 1500.0 8.21840638179
7620.64252033 2906.84004234 2609.40799901 172.283644184 1500.0 1500.0 8.23097275241
7628.17100217 2906.83334008 2609.4186347 172.376075769 1500.0 1500.0 8.24353912302
7635.69972567 2906.82664786 2609.4292389 172.46832019 1500.0 1500.0 8.25610549363
7643.22869007 2906.81996567 2609.43981173 172.560378007 1500.0 1500.0 8.26867186425
7650.75789462 2906.81329349 2609.45035333 172.652249777 1500.0 1500.0 8.28123823486
7658.28733855 2906.80663129 2609.46086384 172.743936057 1500.0 1500.0 8.29380460548
7665.81702113 2906.79997904 2609.47134339 172.835437401 1500.0 1500.0 8.30637097609
7673.3469416 2906.79333674 2609.48179212 172.92675436 1500.0 1500.0 8.31893734671
7680.87709923 2906.78670434 2609.49221017 173.017887484 1500.0 1500.0 8.33150371732
7688.40749327 2906.78008184 2609.50259766 173.10883732 1500.0 1500.0 8.34407008793
7695.93812299 2906.77346921 2609.51295474 173.199604414 1500.0 1500.0 8.35663645855
7703.46898765 2906.76686642 2609.52328152 173.290189308 1500.0 1500.0 8.36920282916
7711.00008653 2906.76027347 2609.53357816 173.380592543 1500.0 1500.0 8.38176919978
7718.5314189 2906.75369031 2609.54384476 173.470814659 1500.0 1500.0 8.39433557039
7726.06298403 2906.74711694 2609.55408147 173.560856191 1500.0 1500.0 8.40690194101
7733.5947812 2906.74055333 2609.56428841 173.650717675 1500.0 1500.0 8.41946831162
7741.1268097 2906.73399946 2609.57446572 173.740399644 1500.0 1500.0 8.43203468224
7748.65906881 2906.7274553 2609.58461351 173.829902627 1500.0 1500.0 8.44460105285
7756.19155781 2906.72092084 2609.59473193 173.919227153 1500.0 1500.0 8.45716742346
7763.72427601 2906.71439606 2609.60482108 174.008373748 1500.0 1500.0 8.46973379408
7771.25722269 2906.70788093 2609.6148811 174.097342937 1500.0 1500.0 8.48230016469
7778.79039714 2906.70137542 2609.62491212 174.186135242 1500.0 1500.0 8.49486653531
7786.32379868 2906.69487953 2609.63491425 174.274751184 1500.0 1500.0 8.50743290592
7793.8574266 2906.68839323 2609.64488762 174.36319128 1500.0 1500.0 8.51999927654
7801.39128021 2906.68191649 2609.65483236 174.451456047 1500.0 1500.0 8.53256564715
7808.92535881 2906.6754493 2609.66474858 174.539545999 1500.0 1500.0 8.54513201776
7816.45966172 2906.66899164 2609.6746364 174.627461649 1500.0 1500.0 8.55769838838
7823.99418825 2906.66254348 2609.68449595 174.715203506 1500.0 1500.0 8.57026475899
7831.52893772 2906.6561048 2609.69432735 174.80277208 1500.0 1500.0 8.58283112961
7839.06390945 2906.64967559 2609.70413072 174.890167876 1500.0 1500.0 8.59539750022
7846.59910276 2906.64325582 2609.71390617 174.977391399 1500.0 1500.0 8.60796387084
7854.13451698 2906.63684547 2609.72365382 175.064443152 1500.0 1500.0 8.62053024145
7861.67015143 2906.63044451 2609.73337379 175.151323634 1500.0 1500.0 8.63309661206
7869.20600545 2906.62405294 2609.7430662 175.238033346 1500.0 1500.0 8.64566298268
7876.74207837 2906.61767073 2609.75273116 175.324572783 1500.0 1500.0 8.65822935329
7884.27836952 2906.61129785 2609.76236879 175.41094244 1500.0 1500.0 8.67079572391
7891.81487825 2906.6049343 2609.7719792 175.49714281 1500.0 1500.0 8.68336209452
7899.3516039 2906.59858004 2609.7815625 175.583174385 1500.0 1500.0 8.69592846514
7906.88854581 2906.59223505 2609.79111882 175.669037654 1500.0 1500.0 8.70849483575
7914.42570332 2906.58589933 2609.80064826 175.754733104 1500.0 1500.0 8.72106120637
7921.9630758 2906.57957284 2609.81015093 175.84026122 1500.0 1500.0 8.73362757698
7929.50066258 2906.57325557 2609.81962695 175.925622486 1500.0 1500.0 8.74619394759
7937.03846304 2906.56694749 2609.82907642 176.010817384 1500.0 1500.0 8.75876031821
7944.57647651 2906.56064859 2609.83849947 176.095846394 1500.0 1500.0 8.77132668882
7952.11470237 2906.55435885 2609.84789618 176.180709994 1500.0 1500.0 8.78389305944
7959.65313998 2906.54807824 2609.85726669 176.26540866 1500.0 1500.0 8.79645943005
7967.1917887 2906.54180675 2609.86661109 176.349942868 1500.0 1500.0 8.80902580067
7974.7306479 2906.53554436 2609.87592949 176.434313088 1500.0 1500.0 8.82159217128
7982.26971695 2906.52929104 2609.885222 176.518519794 1500.0 1500.0 8.83415854189
7989.80899523 2906.52304678 2609.89448873 176.602563453 1500.0 1500.0 8.84672491251
7997.34848211 2906.51681156 2609.90372978 176.686444534 1500.0 1500.0 8.85929128312
8004.88817696 2906.51058536 2609.91294525 176.770163501 1500.0 1500.0 8.87185765374
8012.42807918 2906.50436815 2609.92213526 176.853720819 1500.0 1500.0 8.88442402435
8019.96818814 2906.49815993 2609.93129991 176.93711695 1500.0 1500.0 8.89699039497
8027.50850322 2906.49196066 2609.9404393 177.020352354 1500.0 1500.0 8.90955676558
8035.04902383 2906.48577033 2609.94955353 177.10342749 1500.0 1500.0 8.9221231362
8042.58974933 2906.47958893 2609.95864272 177.186342814 1500.0 1500.0 8.93468950681
8050.13067914 2906.47341642 2609.96770694 177.269098783 1500.0 1500.0 8.94725587742
8057.67181265 2906.4672528 2609.97674633 177.351695849 1500.0 1500.0 8.95982224804
8065.21314925 2906.46109805 2609.98576096 177.434134465 1500.0 1500.0 8.97238861865
8072.75468834 2906.45495213 2609.99475094 177.516415081 1500.0 1500.0 8.98495498927
8080.29642933 2906.44881504 2610.00371638 177.598538144 1500.0 1500.0 8.99752135988
8087.83837162 2906.44268676 2610.01265737 177.680504102 1500.0 1500.0 9.0100877305
8095.38051461 2906.43656727 2610.02157401 177.7623134 1500.0 1500.0 9.02265410111
8102.92285773 2906.43045654 2610.0304664 177.843966481 1500.0 1500.0 9.03522047172
8110.46540038 2906.42435456 2610.03933464 177.925463788 1500.0 1500.0 9.04778684234
6274.84257084 2959.29124185 2620.57567613 168.146875511 1600.0 1600.0 5.94389330059
6282.28490325 2959.28016758 2620.60111769 168.301744661 1600.0 1600.0 5.95645967121
6289.72776127 2959.26911246 2620.62645812 168.456234438 1600.0 1600.0 5.96902604182
6297.17114279 2959.25807644 2620.65169801 168.610346204 1600.0 1600.0 5.98159241243
6304.61504574 2959.24705947 2620.67683794 168.764081315 1600.0 1600.0 5.99415878305
6312.05946804 2959.2360615 2620.7018785 168.917441118 1600.0 1600.0 6.00672515366
6319.50440763 2959.22508248 2620.72682028 169.070426956 1600.0 1600.0 6.01929152428
6326.94986247 2959.21412236 2620.75166384 169.223040165 1600.0 1600.0 6.03185789489
6334.39583051 2959.2031811 2620.77640977 169.375282074 1600.0 1600.0 6.04442426551
6341.84230973 2959.19225863 2620.80105862 169.527154008 1600.0 1600.0 6.05699063612
6349.28929811 2959.18135493 2620.82561097 169.678657283 1600.0 1600.0 6.06955700674
6356.73679365 2959.17046993 2620.85006737 169.82979321 1600.0 1600.0 6.08212337735
6364.18479435 2959.1596036 2620.87442838 169.980563096 1600.0 1600.0 6.09468974796
6371.63329823 2959.14875587 2620.89869454 170.130968239 1600.0 1600.0 6.10725611858
6379.08230332 2959.13792671 2620.9228664 170.281009932 1600.0 1600.0 6.11982248919
6386.53180765 2959.12711607 2620.94694451 170.430689463 1600.0 1600.0 6.13238885981
6393.98180928 2959.1163239 2620.97092941 170.580008113 1600.0 1600.0 6.14495523042
6401.43230626 2959.10555015 2620.99482162 170.728967157 1600.0 1600.0 6.15752160104
6408.88329667 2959.09479477 2621.01862167 170.877567866 1600.0 1600.0 6.17008797165
6416.33477857 2959.08405772 2621.0423301 171.025811502 1600.0 1600.0 6.18265434226
6423.78675008 2959.07333896 2621.06594743 171.173699324 1600.0 1600.0 6.19522071288
6431.23920928 2959.06263843 2621.08947416 171.321232583 1600.0 1600.0 6.20778708349
6438.69215428 2959.05195609 2621.11291083 171.468412527 1600.0 1600.0 6.22035345411
6446.14558321 2959.04129189 2621.13625793 171.615240395 1600.0 1600.0 6.23291982472
6453.59949419 2959.03064579 2621.15951597 171.761717424 1600.0 1600.0 6.24548619534
6461.05388538 2959.02001773 2621.18268547 171.907844841 1600.0 1600.0 6.25805256595
6468.50875492 2959.00940769 2621.2057669 172.053623871 1600.0 1600.0 6.27061893657
6475.96410096 2958.9988156 2621.22876078 172.199055733 1600.0 1600.0 6.28318530718
6483.41992169 2958.98824142 2621.25166758 172.344141638 1600.0 1600.0 6.29575167779
6490.87621527 2958.97768511 2621.27448781 172.488882795 1600.0 1600.0 6.30831804841
6498.33297991 2958.96714663 2621.29722194 172.633280403 1600.0 1600.0 6.32088441902
6505.79021379 2958.95662592 2621.31987046 172.777335661 1600.0 1600.0 6.33345078964
6513.24791513 2958.94612295 2621.34243384 172.921049758 1600.0 1600.0 6.34601716025
6520.70608215 2958.93563767 2621.36491255 173.06442388 1600.0 1600.0 6.35858353087
6528.16471307 2958.92517002 2621.38730707 173.207459206 1600.0 1600.0 6.37114990148
6535.62380613 2958.91471998 2621.40961786 173.350156912 1600.0 1600.0 6.38371627209
6543.08335958 2958.9042875 2621.43184538 173.492518167 1600.0 1600.0 6.39628264271
6550.54337167 2958.89387252 2621.4539901 173.634544135 1600.0 1600.0 6.40884901332
6558.00384066 2958.88347501 2621.47605247 173.776235974 1600.0 1600.0 6.42141538394
6565.46476484 2958.87309492 2621.49803295 173.917594839 1600.0 1600.0 6.43398175455
6572.92614247 2958.86273222 2621.51993198 174.058621877 1600.0 1600.0 6.44654812517
6580.38797185 2958.85238685 2621.54175001 174.199318232 1600.0 1600.0 6.45911449578
6587.85025129 2958.84205877 2621.56348749 174.339685042 1600.0 1600.0 6.47168086639
6595.31297909 2958.83174794 2621.58514485 174.47972344 1600.0 1600.0 6.48424723701
6602.77615356 2958.82145432 2621.60672254 174.619434554 1600.0 1600.0 6.49681360762
6610.23977304 2958.81117786 2621.62822098 174.758819507 1600.0 1600.0 6.50937997824
6617.70383586 2958.80091852 2621.64964061 174.897879416 1600.0 1600.0 6.52194634885
6625.16834036 2958.79067625 2621.67098185 175.036615395 1600.0 1600.0 6.53451271947
6632.63328489 2958.78045103 2621.69224513 175.175028551 1600.0 1600.0 6.54707909008
6640.09866782 2958.77024279 2621.71343087 175.313119988 1600.0 1600.0 6.5596454607
6647.56448751 2958.76005151 2621.73453949 175.450890802 1600.0 1600.0 6.57221183131
6655.03074234 2958.74987713 2621.7555714 175.588342088 1600.0 1600.0 6.58477820192
6662.4974307 2958.73971963 2621.77652703 175.725474934 1600.0 1600.0 6.59734457254
6669.96455097 2958.72957894 2621.79740676 175.862290423 1600.0 1600.0 6.60991094315
6677.43210157 2958.71945504 2621.81821102 175.998789634 1600.0 1600.0 6.62247731377
6684.90008089 2958.70934788 2621.83894021 176.134973641 1600.0 1600.0 6.63504368438
6692.36848736 2958.69925742 2621.85959473 176.270843512 1600.0 1600.0 6.647610055
6699.83731941 2958.68918361 2621.88017497 176.406400312 1600.0 1600.0 6.66017642561
6707.30657546 2958.67912643 2621.90068134 176.541645101 1600.0 1600.0 6.67274279622
6714.77625397 2958.66908582 2621.92111421 176.676578934 1600.0 1600.0 6.68530916684
6722.24635337 2958.65906175 2621.941474 176.81120286 1600.0 1600.0 6.69787553745
6729.71687212 2958.64905417 2621.96176107 176.945517927 1600.0 1600.0 6.71044190807
6737.1878087 2958.63906304 2621.98197582 177.079525174 1600.0 1600.0 6.72300827868
6744.65916158 2958.62908833 2622.00211863 177.213225639 1600.0 1600.0 6.7355746493
6752.13092922 2958.61913 2622.02218987 177.346620352 1600.0 1600.0 6.74814101991
6759.60311013 2958.60918799 2622.04218993 177.479710343 1600.0 1600.0 6.76070739053
6767.0757028 2958.59926228 2622.06211917 177.612496633 1600.0 1600.0 6.77327376114
6774.54870573 2958.58935282 2622.08197797 177.744980241 1600.0 1600.0 6.78584013175
6782.02211743 2958.57945957 2622.1017667 177.877162181 1600.0 1600.0 6.79840650237
5652.98734551 3013.7884908 2631.69173374 168.125772253 1700.0 1700.0 4.85061905714
5660.33988269 3013.77281303 2631.73831302 168.340273563 1700.0 1700.0 4.86318542776
5667.69328905 3013.75716443 2631.78467276 168.554194146 1700.0 1700.0 4.87575179837
5675.04756054 3013.74154493 2631.83081448 168.767536282 1700.0 1700.0 4.88831816899
5682.40269314 3013.72595443 2631.87673971 168.980302242 1700.0 1700.0 4.9008845396
5689.75868288 3013.71039287 2631.92244993 169.192494285 1700.0 1700.0 4.91345091021
5697.11552579 3013.69486017 2631.96794663 169.404114656 1700.0 1700.0 4.92601728083
5704.47321793 3013.67935623 2632.01323129 169.615165592 1700.0 1700.0 4.93858365144
5711.83175539 3013.66388099 2632.05830535 169.825649318 1700.0 1700.0 4.95115002206
5719.1911343 3013.64843436 2632.10317027 170.035568045 1700.0 1700.0 4.96371639267
5726.55135079 3013.63301626 2632.14782747 170.244923977 1700.0 1700.0 4.97628276329
5733.91240104 3013.61762662 2632.19227838 170.453719304 1700.0 1700.0 4.9888491339
5741.27428122 3013.60226535 2632.23652439 170.661956207 1700.0 1700.0 5.00141550451
5748.63698757 3013.58693239 2632.2805669 170.869636854 1700.0 1700.0 5.01398187513
5756.00051631 3013.57162764 2632.3244073 171.076763404 1700.0 1700.0 5.02654824574
5763.36486371 3013.55635103 2632.36804694 171.283338004 1700.0 1700.0 5.03911461636
5770.73002607 3013.54110249 2632.41148719 171.489362791 1700.0 1700.0 5.05168098697
5778.09599968 3013.52588194 2632.45472938 171.694839891 1700.0 1700.0 5.06424735759
5785.4627809 3013.5106893 2632.49777486 171.89977142 1700.0 1700.0 5.0768137282
5792.83036607 3013.4955245 2632.54062494 172.104159481 1700.0 1700.0 5.08938009882
5800.19875158 3013.48038745 2632.58328092 172.308006171 1700.0 1700.0 5.10194646943
5807.56793384 3013.46527809 2632.62574411 172.511313572 1700.0 1700.0 5.11451284004
5814.93790926 3013.45019633 2632.6680158 172.714083758 1700.0 1700.0 5.12707921066
5822.30867431 3013.43514211 2632.71009724 172.916318794 1700.0 1700.0 5.13964558127
5829.68022545 3013.42011534 2632.75198972 173.118020732 1700.0 1700.0 5.15221195189
5837.05255918 3013.40511595 2632.79369447 173.319191615 1700.0 1700.0 5.1647783225
5844.42567202 3013.39014387 2632.83521275 173.519833476 1700.0 1700.0 5.17734469312
5851.7995605 3013.37519902 2632.87654578 173.719948337 1700.0 1700.0 5.18991106373
5859.17422118 3013.36028133 2632.91769478 173.919538213 1700.0 1700.0 5.20247743434
5866.54965064 3013.34539072 2632.95866095 174.118605106 1700.0 1700.0 5.21504380496
5873.9258455 3013.33052713 2632.99944551 174.317151008 1700.0 1700.0 5.22761017557
5881.30280236 3013.31569047 2633.04004963 174.515177904 1700.0 1700.0 5.24017654619
5888.68051789 3013.30088068 2633.0804745 174.712687767 1700.0 1700.0 5.2527429168
5896.05898873 3013.28609768 2633.12072127 174.90968256 1700.0 1700.0 5.26530928742
5903.43821158 3013.2713414 2633.16079112 175.106164239 1700.0 1700.0 5.27787565803
5910.81818314 3013.25661177 2633.20068518 175.302134747 1700.0 1700.0 5.29044202865
5918.19890015 3013.24190871 2633.2404046 175.49759602 1700.0 1700.0 5.30300839926
5925.58035934 3013.22723216 2633.2799505 175.692549983 1700.0 1700.0 5.31557476987
5932.96255748 3013.21258204 2633.319324 175.886998553 1700.0 1700.0 5.32814114049
5940.34549136 3013.19795828 2633.35852622 176.080943637 1700.0 1700.0 5.3407075111
5947.72915779 3013.18336081 2633.39755824 176.274387132 1700.0 1700.0 5.35327388172
5955.11355359 3013.16878956 2633.43642117 176.467330928 1700.0 1700.0 5.36584025233
5962.4986756 3013.15424446 2633.47511608 176.659776902 1700.0 1700.0 5.37840662295
5969.88452069 3013.13972543 2633.51364404 176.851726925 1700.0 1700.0 5.39097299356
5977.27108575 3013.12523242 2633.55200612 177.043182859 1700.0 1700.0 5.40353936417
5984.65836766 3013.11076535 2633.59020337 177.234146554 1700.0 1700.0 5.41610573479
5992.04636336 3013.09632414 2633.62823684 177.424619855 1700.0 1700.0 5.4286721054
5999.43506977 3013.08190874 2633.66610756 177.614604595 1700.0 1700.0 5.44123847602
6006.82448387 3013.06751907 2633.70381657 177.8041026 1700.0 1700.0 5.45380484663
6014.21460261 3013.05315506 2633.74136487 177.993115685 1700.0 1700.0 5.46637121725
5248.09800936 3070.50699273 2642.05752112 168.156403811 1800.0 1800.0 4.1092031909
5255.34655805 3070.48606814 2642.13474148 168.434225975 1800.0 1800.0 4.12176956151
5262.59642227 3070.46518453 2642.21154882 168.711242007 1800.0 1800.0 4.13433593212
5269.84759507 3070.44434178 2642.28794638 168.987455266 1800.0 1800.0 4.14690230274
5277.10006956 3070.42353977 2642.36393738 169.262869094 1800.0 1800.0 4.15946867335
5284.35383889 3070.40277838 2642.43952498 169.537486815 1800.0 1800.0 4.17203504397
5291.60889628 3070.3820575 2642.51471233 169.811311735 1800.0 1800.0 4.18460141458
5298.86523499 3070.361377 2642.58950253 170.084347144 1800.0 1800.0 4.1971677852
5306.12284834 3070.34073676 2642.66389868 170.356596312 1800.0 1800.0 4.20973415581
5313.38172967 3070.32013668 2642.7379038 170.628062494 1800.0 1800.0 4.22230052642
5320.64187241 3070.29957663 2642.81152093 170.898748927 1800.0 1800.0 4.23486689704
5327.90327002 3070.2790565 2642.88475304 171.168658832 1800.0 1800.0 4.24743326765
5335.165916 3070.25857617 2642.95760309 171.437795411 1800.0 1800.0 4.25999963827
5342.42980391 3070.23813553 2643.03007401 171.706161851 1800.0 1800.0 4.27256600888
5349.69492737 3070.21773446 2643.10216869 171.973761321 1800.0 1800.0 4.2851323795
5356.96128002 3070.19737284 2643.17389 172.240596975 1800.0 1800.0 4.29769875011
5364.22885556 3070.17705057 2643.24524078 172.506671948 1800.0 1800.0 4.31026512073
5371.49764775 3070.15676753 2643.31622384 172.771989361 1800.0 1800.0 4.32283149134
5378.76765036 3070.1365236 2643.38684197 173.036552318 1800.0 1800.0 4.33539786195
5386.03885724 3070.11631868 2643.45709791 173.300363906 1800.0 1800.0 4.34796423257
5393.31126227 3070.09615264 2643.52699439 173.563427197 1800.0 1800.0 4.36053060318
5400.58485938 3070.07602539 2643.59653413 173.825745245 1800.0 1800.0 4.3730969738
5407.85964254 3070.05593681 2643.66571978 174.087321091 1800.0 1800.0 4.38566334441
5415.13560575 3070.03588678 2643.734554 174.348157758 1800.0 1800.0 4.39822971503
5422.41274309 3070.0158752 2643.80303942 174.608258253 1800.0 1800.0 4.41079608564
5429.69104865 3069.99590195 2643.87117862 174.86762557 1800.0 1800.0 4.42336245625
5436.97051657 3069.97596694 2643.93897417 175.126262686 1800.0 1800.0 4.43592882687
5444.25114103 3069.95607003 2644.00642863 175.38417256 1800.0 1800.0 4.44849519748
5451.53291627 3069.93621114 2644.07354452 175.641358141 1800.0 1800.0 4.4610615681
5458.81583655 3069.91639015 2644.14032433 175.897822357 1800.0 1800.0 4.47362793871
5466.09989618 3069.89660695 2644.20677053 176.153568126 1800.0 1800.0 4.48619430933
5473.3850895 3069.87686143 2644.27288557 176.408598347 1800.0 1800.0 4.49876067994
5480.67141091 3069.85715349 2644.33867188 176.662915906 1800.0 1800.0 4.51132705055
5487.95885484 3069.83748302 2644.40413186 176.916523675 1800.0 1800.0 4.52389342117
5495.24741574 3069.81784992 2644.46926789 177.169424509 1800.0 1800.0 4.53645979178
5502.53708813 3069.79825407 2644.53408233 177.421621249 1800.0 1800.0 4.5490261624
5509.82786655 3069.77869537 2644.5985775 177.673116722 1800.0 1800.0 4.56159253301
5517.11974558 3069.75917372 2644.66275572 177.92391374 1800.0 1800.0 4.57415890363
4968.79572059 3129.34645728 2651.42574176 168.041375668 1900.0 1900.0 3.56884925448
4975.92538542 3129.31964202 2651.54472397 168.385334498 1900.0 1900.0 3.58141562509
4983.05692493 3129.29288125 2651.66300703 168.728244874 1900.0 1900.0 3.59398199571
4990.19032811 3129.26617481 2651.78059694 169.070111336 1900.0 1900.0 3.60654836632
4997.32558407 3129.23952254 2651.89749961 169.410938398 1900.0 1900.0 3.61911473694
5004.46268198 3129.21292427 2652.01372089 169.750730552 1900.0 1900.0 3.63168110755
5011.60161112 3129.18637984 2652.12926658 170.089492262 1900.0 1900.0 3.64424747816
5018.74236087 3129.15988909 2652.24414239 170.42722797 1900.0 1900.0 3.65681384878
5025.88492067 3129.13345185 2652.35835399 170.763942093 1900.0 1900.0 3.66938021939
5033.02928008 3129.10706797 2652.47190698 171.099639026 1900.0 1900.0 3.68194659001
5040.17542872 3129.08073728 2652.58480688 171.434323138 1900.0 1900.0 3.69451296062
5047.32335632 3129.05445962 2652.69705918 171.767998775 1900.0 1900.0 3.70707933124
5054.47305269 3129.02823483 2652.80866929 172.100670261 1900.0 1900.0 3.71964570185
5061.6245077 3129.00206276 2652.91964257 172.432341894 1900.0 1900.0 3.73221207246
5068.77771134 3128.97594324 2653.02998432 172.763017951 1900.0 1900.0 3.74477844308
5075.93265366 3128.94987612 2653.13969978 173.092702685 1900.0 1900.0 3.75734481369
5083.0893248 3128.92386124 2653.24879414 173.421400328 1900.0 1900.0 3.76991118431
5090.24771497 3128.89789845 2653.35727253 173.749115086 1900.0 1900.0 3.78247755492
5097.40781449 3128.87198759 2653.46514001 174.075851145 1900.0 1900.0 3.79504392554
5104.56961371 3128.8461285 2653.57240162 174.401612668 1900.0 1900.0 3.80761029615
5111.73310311 3128.82032104 2653.67906231 174.726403794 1900.0 1900.0 3.82017666677
5118.89827321 3128.79456504 2653.785127 175.050228643 1900.0 1900.0 3.83274303738
5126.06511462 3128.76886035 2653.89060055 175.373091311 1900.0 1900.0 3.84530940799
5133.23361803 3128.74320682 2653.99548777 175.694995871 1900.0 1900.0 3.85787577861
5140.4037742 3128.71760431 2654.09979341 176.015946378 1900.0 1900.0 3.87044214922
5147.57557397 3128.69205265 2654.20352219 176.33594686 1900.0 1900.0 3.88300851984
5154.74900823 3128.66655169 2654.30667876 176.65500133 1900.0 1900.0 3.89557489045
5161.92406798 3128.6411013 2654.40926774 176.973113773 1900.0 1900.0 3.90814126107
5169.10074427 3128.61570131 2654.51129368 177.290288158 1900.0 1900.0 3.92070763168
5176.27902821 3128.59035157 2654.61276109 177.606528431 1900.0 1900.0 3.93327400229
5183.458911 3128.56505195 2654.71367444 177.921838516 1900.0 1900.0 3.94584037291
4776.46898148 3190.17248167 2659.74629384 168.063784108 2000.0 2000.0 3.16672539482
4783.46693756 3190.13920618 2659.91825729 168.47472473 2000.0 2000.0 3.17929176543
4790.4674283 3190.10600014 2660.08914216 168.884369294 2000.0 2000.0 3.19185813605
4797.47043758 3190.07286331 2660.25895823 169.292723539 2000.0 2000.0 3.20442450666
4804.47594943 3190.0397955 2660.42771514 169.699793171 2000.0 2000.0 3.21699087728
4811.48394803 3190.00679647 2660.59542242 170.105583866 2000.0 2000.0 3.22955724789
4818.4944177 3189.97386603 2660.76208951 170.510101267 2000.0 2000.0 3.2421236185
4825.5073429 3189.94100395 2660.92772571 170.913350988 2000.0 2000.0 3.25468998912
4832.52270824 3189.90821003 2661.09234023 171.315338613 2000.0 2000.0 3.26725635973
4839.54049846 3189.87548405 2661.25594218 171.716069694 2000.0 2000.0 3.27982273035
4846.56069844 3189.84282581 2661.41854056 172.115549752 2000.0 2000.0 3.29238910096
4853.58329321 3189.81023509 2661.58014425 172.51378428 2000.0 2000.0 3.30495547158
4860.60826792 3189.77771169 2661.74076206 172.910778741 2000.0 2000.0 3.31752184219
4867.63560786 3189.7452554 2661.90040268 173.306538566 2000.0 2000.0 3.33008821281
4874.66529843 3189.71286601 2662.0590747 173.701069159 2000.0 2000.0 3.34265458342
4881.6973252 3189.68054332 2662.21678661 174.094375894 2000.0 2000.0 3.35522095403
4888.73167384 3189.64828713 2662.37354682 174.486464115 2000.0 2000.0 3.36778732465
4895.76833014 3189.61609722 2662.52936364 174.877339138 2000.0 2000.0 3.38035369526
4902.80728004 3189.5839734 2662.68424528 175.267006249 2000.0 2000.0 3.39292006588
4909.84850959 3189.55191546 2662.83819986 175.655470706 2000.0 2000.0 3.40548643649
4916.89200497 3189.51992321 2662.9912354 176.04273774 2000.0 2000.0 3.41805280711
4923.93775247 3189.48799644 2663.14335986 176.428812552 2000.0 2000.0 3.43061917772
4930.9857385 3189.45613495 2663.29458107 176.813700316 2000.0 2000.0 3.44318554833
4938.0359496 3189.42433854 2663.44490681 177.197406176 2000.0 2000.0 3.45575191895
4945.08837241 3189.39260702 2663.59434474 177.579935251 2000.0 2000.0 3.46831828956
4952.14299371 3189.36094018 2663.74290247 177.961292631 2000.0 2000.0 3.48088466018
4640.8061557 3252.89140139 2666.87197099 168.025126536 2100.0 2100.0 2.85256612946
4647.65972708 3252.85109888 2667.10827917 168.503616186 2100.0 2100.0 2.86513250007
4654.51658443 3252.81088212 2667.34304139 168.980560755 2100.0 2100.0 2.87769887069
4661.37670565 3252.77075082 2667.57627207 169.455967161 2100.0 2100.0 2.8902652413
4668.24006887 3252.73070471 2667.80798544 169.929842284 2100.0 2100.0 2.90283161192
4675.10665239 3252.69074353 2668.03819557 170.402192966 2100.0 2100.0 2.91539798253
4681.97643475 3252.65086701 2668.26691639 170.873026012 2100.0 2100.0 2.92796435315
4688.84939468 3252.61107488 2668.49416163 171.34234819 2100.0 2100.0 2.94053072376
4695.72551111 3252.57136688 2668.71994488 171.81016623 2100.0 2100.0 2.95309709437
4702.60476318 3252.53174273 2668.94427956 172.276486828 2100.0 2100.0 2.96566346499
4709.48713022 3252.49220219 2669.16717895 172.741316642 2100.0 2100.0 2.9782298356
4716.37259175 3252.45274497 2669.38865615 173.204662294 2100.0 2100.0 2.99079620622
4723.26112749 3252.41337083 2669.60872414 173.66653037 2100.0 2100.0 3.00336257683
4730.15271734 3252.3740795 2669.82739571 174.126927422 2100.0 2100.0 3.01592894745
4737.04734141 3252.33487072 2670.04468355 174.585859963 2100.0 2100.0 3.02849531806
4743.94497997 3252.29574424 2670.26060016 175.043334475 2100.0 2100.0 3.04106168867
4750.84561348 3252.25669979 2670.47515792 175.499357403 2100.0 2100.0 3.05362805929
4757.74922259 3252.21773713 2670.68836906 175.953935155 2100.0 2100.0 3.0661944299
4764.65578812 3252.17885598 2670.90024567 176.407074108 2100.0 2100.0 3.07876080052
4771.56529106 3252.14005611 2671.1107997 176.858780604 2100.0 2100.0 3.09132717113
4778.4777126 3252.10133726 2671.32004298 177.309060948 2100.0 2100.0 3.10389354175
4785.39303407 3252.06269918 2671.52798719 177.757921415 2100.0 2100.0 3.11645991236
4553.11755884 3317.34965188 2673.08909764 168.488433975 2200.0 2200.0 2.61380508779
4559.82003192 3317.30189679 2673.39798431 169.032524113 2200.0 2200.0 2.6263714584
4566.52657793 3317.2542446 2673.70481078 169.574831891 2200.0 2200.0 2.63893782902
4573.23716865 3317.20669497 2674.00959635 170.115365305 2200.0 2200.0 2.65150419963
4579.95177615 3317.15924758 2674.31236006 170.654132303 2200.0 2200.0 2.66407057024
4586.67037279 3317.11190211 2674.61312076 171.191140794 2200.0 2200.0 2.67663694086
4593.39293116 3317.06465822 2674.91189707 171.726398644 2200.0 2200.0 2.68920331147
4600.11942414 3317.01751559 2675.20870739 172.259913675 2200.0 2200.0 2.70176968209
4606.84982485 3316.9704739 2675.50356992 172.791693669 2200.0 2200.0 2.7143360527
4613.58410668 3316.92353282 2675.79650264 173.321746367 2200.0 2200.0 2.72690242332
4620.32224327 3316.87669205 2676.08752333 173.850079466 2200.0 2200.0 2.73946879393
4627.06420851 3316.82995125 2676.37664956 174.376700625 2200.0 2200.0 2.75203516454
4633.80997652 3316.78331011 2676.66389869 174.90161746 2200.0 2200.0 2.76460153516
4640.55952171 3316.73676832 2676.94928789 175.424837547 2200.0 2200.0 2.77716790577
4647.31281867 3316.69032556 2677.23283415 175.946368421 2200.0 2200.0 2.78973427639
4654.06984229 3316.64398151 2677.51455424 176.466217578 2200.0 2200.0 2.802300647
4485.1727716 3383.57256957 2677.61845758 168.019859857 2300.0 2300.0 2.40017678734
4660.83056764 3316.59773587 2677.79446475 176.984392473 2200.0 2200.0 2.81486701762
4491.70909147 3383.51670449 2678.01179389 168.631775935 2300.0 2300.0 2.41274315796
4667.59497007 3316.55158832 2678.07258208 177.500900521 2200.0 2200.0 2.82743338823
4498.25034525 3383.46096103 2678.40248994 169.241666675 2300.0 2300.0 2.42530952857
4504.79649839 3383.40533879 2678.79057014 169.84954113 2300.0 2300.0 2.43787589919
4511.34751668 3383.34983738 2679.17605859 170.455408303 2300.0 2300.0 2.4504422698
4517.90336626 3383.29445642 2679.55897917 171.059277152 2300.0 2300.0 2.46300864041
4524.46401354 3383.2391955 2679.93935544 171.661156588 2300.0 2300.0 2.47557501103
4531.0294253 3383.18405426 2680.31721074 172.261055474 2300.0 2300.0 2.48814138164
4537.59956859 3383.12903229 2680.69256812 172.858982628 2300.0 2300.0 2.50070775226
4544.17441078 3383.07412923 2681.0654504 173.454946822 2300.0 2300.0 2.51327412287
4550.75391955 3383.01934468 2681.43588012 174.048956781 2300.0 2300.0 2.52584049349
4449.21916592 3451.319646 2681.50038401 168.256009146 2400.0 2400.0 2.23681396936
4557.33806289 3382.96467827 2681.80387959 174.641021186 2300.0 2300.0 2.5384068641
4455.58950223 3451.25536737 2681.98136614 168.932199099 2400.0 2400.0 2.24938033997
4563.92680907 3382.91012961 2682.16947087 175.231148671 2300.0 2300.0 2.55097323471
4461.9655818 3451.19122946 2682.45915795 169.606141676 2400.0 2400.0 2.26194671058
4570.52012666 3382.85569834 2682.53267577 175.819347825 2300.0 2300.0 2.56353960533
4577.11798454 3382.80138407 2682.89351584 176.405627195 2300.0 2300.0 2.57610597594
4468.34736495 3451.12723182 2682.93378792 170.277846826 2400.0 2400.0 2.2745130812
4583.72035185 3382.74718644 2683.25201244 176.98999528 2300.0 2300.0 2.58867234656
4474.73481239 3451.06337399 2683.40528424 170.947324446 2400.0 2400.0 2.28707945181
4590.32719803 3382.69310507 2683.60818665 177.572460535 2300.0 2300.0 2.60123871717
4481.12788515 3450.99965552 2683.87367478 171.614584383 2400.0 2400.0 2.29964582243
4487.52654462 3450.93607596 2684.33898715 172.279636435 2400.0 2400.0 2.31221219304
4431.13617855 3520.56915278 2684.37875273 168.42232714 2500.0 2500.0 2.0985838926
4493.93075254 3450.87263486 2684.80124864 172.942490349 2400.0 2400.0 2.32477856366
4437.33744916 3520.4960487 2684.95130988 169.161493499 2500.0 2500.0 2.11115026321
4500.34047098 3450.80933178 2685.26048627 173.603155823 2400.0 2400.0 2.33734493427
4443.5452274 3520.42310515 2685.52016081 169.898201575 2500.0 2500.0 2.12371663383
4506.75566237 3450.74616626 2685.7167268 174.261642508 2400.0 2400.0 2.34991130489
4449.75946973 3520.35032163 2686.08533696 170.632462103 2500.0 2500.0 2.13628300444
4513.17628944 3450.68313786 2686.16999666 174.917960003 2400.0 2400.0 2.3624776755
4519.60231528 3450.62024615 2686.62032205 175.57211786 2400.0 2400.0 2.37504404611
4455.98013295 3520.27769761 2686.64686947 171.364285765 2500.0 2500.0 2.14884937506
4526.0337033 3450.55749068 2687.06772889 176.224125582 2400.0 2400.0 2.38761041673
4462.20717421 3520.20523258 2687.20478916 172.093683191 2500.0 2500.0 2.16141574567
4532.47041722 3450.49487101 2687.5122428 176.873992624 2400.0 2400.0 2.40017678734
4468.44055102 3520.13292602 2687.75912659 172.820664958 2500.0 2500.0 2.17398211628
4538.91242111 3450.43238671 2687.95388916 177.521728393 2400.0 2400.0 2.41274315796
4474.68022123 3520.06077741 2688.309912 173.545241594 2500.0 2500.0 2.1865484869
4480.92614307 3519.98878624 2688.85717537 174.267423573 2500.0 2500.0 2.19911485751
4487.17827507 3519.91695202 2689.40094637 174.98722132 2500.0 2500.0 2.21168122813
4493.43657613 3519.84527422 2689.94125441 175.704645206 2500.0 2500.0 2.22424759874
4499.70100548 3519.77375234 2690.47812859 176.419705554 2500.0 2500.0 2.23681396936
4505.97152269 3519.70238589 2691.01159776 177.132412637 2500.0 2500.0 2.24938033997
4512.24808765 3519.63117436 2691.54169048 177.842776674 2500.0 2500.0 2.26194671058
