8932.38732152 3393.08475619 3104.20154637 168.054033305 1600.0 1600.0 11.4856627415
8938.67838715 3393.08086726 3104.20750591 168.119363508 1600.0 1600.0 11.4982291121
8944.96956989 3393.07698246 3104.2134527 168.184599817 1600.0 1600.0 11.5107954828
8951.26086948 3393.07310179 3104.21938677 168.249742433 1600.0 1600.0 11.5233618534
8957.55228565 3393.06922524 3104.22530818 168.314791555 1600.0 1600.0 11.535928224
8963.84381815 3393.06535279 3104.23121695 168.379747382 1600.0 1600.0 11.5484945946
8970.13546672 3393.06148446 3104.23711313 168.444610113 1600.0 1600.0 11.5610609652
8976.4272311 3393.05762022 3104.24299676 168.509379945 1600.0 1600.0 11.5736273358
8982.71911104 3393.05376007 3104.24886788 168.574057075 1600.0 1600.0 11.5861937064
8989.01110628 3393.04990401 3104.25472652 168.6386417 1600.0 1600.0 11.5987600771
8995.30321657 3393.04605203 3104.26057273 168.703134016 1600.0 1600.0 11.6113264477
9001.59544164 3393.04220413 3104.26640655 168.76753422 1600.0 1600.0 11.6238928183
9007.88778126 3393.03836028 3104.27222802 168.831842505 1600.0 1600.0 11.6364591889
9014.18023516 3393.0345205 3104.27803716 168.896059066 1600.0 1600.0 11.6490255595
9020.4728031 3393.03068478 3104.28383403 168.960184097 1600.0 1600.0 11.6615919301
9026.76548482 3393.0268531 3104.28961867 169.024217793 1600.0 1600.0 11.6741583007
9033.05828008 3393.02302546 3104.2953911 169.088160344 1600.0 1600.0 11.6867246714
9039.35118862 3393.01920185 3104.30115137 169.152011945 1600.0 1600.0 11.699291042
9045.64421019 3393.01538227 3104.30689952 169.215772786 1600.0 1600.0 11.7118574126
9051.93734455 3393.01156672 3104.31263558 169.27944306 1600.0 1600.0 11.7244237832
9058.23059145 3393.00775518 3104.31835959 169.343022956 1600.0 1600.0 11.7369901538
9064.52395065 3393.00394765 3104.32407159 169.406512665 1600.0 1600.0 11.7495565244
9070.81742189 3393.00014412 3104.32977162 169.469912376 1600.0 1600.0 11.762122895
9077.11100494 3392.99634459 3104.33545971 169.533222279 1600.0 1600.0 11.7746892657
9083.40469954 3392.99254904 3104.3411359 169.596442563 1600.0 1600.0 11.7872556363
9089.69850546 3392.98875749 3104.34680023 169.659573415 1600.0 1600.0 11.7998220069
9095.99242245 3392.98496991 3104.35245274 169.722615023 1600.0 1600.0 11.8123883775
9102.28645028 3392.9811863 3104.35809345 169.785567574 1600.0 1600.0 11.8249547481
9108.58058869 3392.97740665 3104.36372242 169.848431255 1600.0 1600.0 11.8375211187
9114.87483744 3392.97363097 3104.36933967 169.911206252 1600.0 1600.0 11.8500874893
9121.16919631 3392.96985923 3104.37494524 169.97389275 1600.0 1600.0 11.86265386
9127.46366504 3392.96609145 3104.38053916 170.036490934 1600.0 1600.0 11.8752202306
9133.7582434 3392.9623276 3104.38612148 170.099000989 1600.0 1600.0 11.8877866012
9140.05293115 3392.95856769 3104.39169223 170.161423098 1600.0 1600.0 11.9003529718
9146.34772806 3392.95481171 3104.39725144 170.223757446 1600.0 1600.0 11.9129193424
9152.64263388 3392.95105964 3104.40279915 170.286004215 1600.0 1600.0 11.925485713
9158.93764839 3392.9473115 3104.4083354 170.348163588 1600.0 1600.0 11.9380520836
9165.23277134 3392.94356726 3104.41386021 170.410235747 1600.0 1600.0 11.9506184543
9171.52800251 3392.93982693 3104.41937363 170.472220873 1600.0 1600.0 11.9631848249
9177.82334165 3392.93609049 3104.42487569 170.534119147 1600.0 1600.0 11.9757511955
9184.11878854 3392.93235795 3104.43036642 170.595930749 1600.0 1600.0 11.9883175661
9190.41434294 3392.92862928 3104.43584587 170.65765586 1600.0 1600.0 12.0008839367
9196.71000463 3392.9249045 3104.44131405 170.71929466 1600.0 1600.0 12.0134503073
9203.00577336 3392.9211836 3104.44677102 170.780847326 1600.0 1600.0 12.0260166779
9209.30164891 3392.91746655 3104.4522168 170.842314038 1600.0 1600.0 12.0385830486
9215.59763105 3392.91375337 3104.45765142 170.903694974 1600.0 1600.0 12.0511494192
9221.89371956 3392.91004405 3104.46307492 170.964990311 1600.0 1600.0 12.0637157898
9228.18991419 3392.90633857 3104.46848734 171.026200227 1600.0 1600.0 12.0762821604
9234.48621473 3392.90263694 3104.47388871 171.087324897 1600.0 1600.0 12.088848531
9240.78262095 3392.89893914 3104.47927905 171.148364499 1600.0 1600.0 12.1014149016
9247.07913262 3392.89524518 3104.48465841 171.209319207 1600.0 1600.0 12.1139812722
9253.37574951 3392.89155504 3104.49002682 171.270189196 1600.0 1600.0 12.1265476429
9259.6724714 3392.88786872 3104.49538431 171.330974642 1600.0 1600.0 12.1391140135
9265.96929807 3392.88418621 3104.50073091 171.391675719 1600.0 1600.0 12.1516803841
9272.26622929 3392.88050751 3104.50606666 171.4522926 1600.0 1600.0 12.1642467547
9278.56326484 3392.87683261 3104.51139159 171.512825459 1600.0 1600.0 12.1768131253
9284.8604045 3392.87316151 3104.51670574 171.573274468 1600.0 1600.0 12.1893794959
9291.15764804 3392.8694942 3104.52200912 171.633639799 1600.0 1600.0 12.2019458665
9297.45499524 3392.86583067 3104.52730178 171.693921625 1600.0 1600.0 12.2145122372
9303.75244589 3392.86217091 3104.53258376 171.754120117 1600.0 1600.0 12.2270786078
9310.04999975 3392.85851493 3104.53785507 171.814235446 1600.0 1600.0 12.2396449784
9316.34765662 3392.85486272 3104.54311576 171.874267782 1600.0 1600.0 12.252211349
9322.64541628 3392.85121427 3104.54836585 171.934217295 1600.0 1600.0 12.2647777196
9328.9432785 3392.84756957 3104.55360537 171.994084155 1600.0 1600.0 12.2773440902
9335.24124307 3392.84392862 3104.55883437 172.053868531 1600.0 1600.0 12.2899104608
9341.53930977 3392.84029142 3104.56405286 172.113570591 1600.0 1600.0 12.3024768315
9347.83747839 3392.83665795 3104.56926089 172.173190503 1600.0 1600.0 12.3150432021
9354.1357487 3392.83302821 3104.57445848 172.232728436 1600.0 1600.0 12.3276095727
9360.43412051 3392.8294022 3104.57964566 172.292184557 1600.0 1600.0 12.3401759433
9366.73259358 3392.82577991 3104.58482246 172.351559032 1600.0 1600.0 12.3527423139
9373.03116771 3392.82216133 3104.58998892 172.410852027 1600.0 1600.0 12.3653086845
9379.32984268 3392.81854646 3104.59514507 172.470063709 1600.0 1600.0 12.3778750551
9385.62861828 3392.8149353 3104.60029093 172.529194244 1600.0 1600.0 12.3904414258
9391.9274943 3392.81132783 3104.60542654 172.588243795 1600.0 1600.0 12.4030077964
9398.22647053 3392.80772406 3104.61055192 172.647212528 1600.0 1600.0 12.415574167
9404.52554676 3392.80412397 3104.61566711 172.706100607 1600.0 1600.0 12.4281405376
9410.82472278 3392.80052756 3104.62077214 172.764908195 1600.0 1600.0 12.4407069082
9417.12399837 3392.79693482 3104.62586704 172.823635456 1600.0 1600.0 12.4532732788
9423.42337333 3392.79334576 3104.63095183 172.882282553 1600.0 1600.0 12.4658396494
9429.72284744 3392.78976035 3104.63602655 172.940849648 1600.0 1600.0 12.4784060201
9436.02242052 3392.78617861 3104.64109123 172.999336902 1600.0 1600.0 12.4909723907
9442.32209233 3392.78260052 3104.64614589 173.057744479 1600.0 1600.0 12.5035387613
9448.62186269 3392.77902607 3104.65119057 173.116072537 1600.0 1600.0 12.5161051319
9454.92173137 3392.77545527 3104.65622529 173.174321239 1600.0 1600.0 12.5286715025
9461.22169819 3392.7718881 3104.66125009 173.232490744 1600.0 1600.0 12.5412378731
9467.52176292 3392.76832456 3104.66626499 173.290581213 1600.0 1600.0 12.5538042437
7631.13877067 3440.85445029 3115.21956214 168.074230516 1700.0 1700.0 8.84672491251
7637.38321233 3440.84841143 3115.23207426 168.174976743 1700.0 1700.0 8.85929128312
7643.62787566 3440.84237977 3115.24455233 168.275553894 1700.0 1700.0 8.87185765374
7649.87276006 3440.8363553 3115.25699649 168.375962388 1700.0 1700.0 8.88442402435
7656.11786494 3440.830338 3115.26940687 168.47620264 1700.0 1700.0 8.89699039497
7662.3631897 3440.82432787 3115.28178361 168.576275067 1700.0 1700.0 8.90955676558
7668.60873375 3440.81832489 3115.29412684 168.676180082 1700.0 1700.0 8.9221231362
7674.85449652 3440.81232904 3115.30643671 168.775918097 1700.0 1700.0 8.93468950681
7681.10047742 3440.80634032 3115.31871333 168.875489525 1700.0 1700.0 8.94725587742
7687.34667585 3440.80035871 3115.33095686 168.974894773 1700.0 1700.0 8.95982224804
7693.59309125 3440.7943842 3115.34316741 169.074134253 1700.0 1700.0 8.97238861865
7699.83972304 3440.78841678 3115.35534512 169.173208369 1700.0 1700.0 8.98495498927
7706.08657064 3440.78245643 3115.36749012 169.272117529 1700.0 1700.0 8.99752135988
7712.33363347 3440.77650314 3115.37960255 169.370862137 1700.0 1700.0 9.0100877305
7718.58091096 3440.7705569 3115.39168253 169.469442597 1700.0 1700.0 9.02265410111
7724.82840255 3440.7646177 3115.40373018 169.567859309 1700.0 1700.0 9.03522047172
7731.07610767 3440.75868552 3115.41574565 169.666112676 1700.0 1700.0 9.04778684234
7737.32402575 3440.75276035 3115.42772905 169.764203097 1700.0 1700.0 9.06035321295
7743.57215623 3440.74684218 3115.43968051 169.86213097 1700.0 1700.0 9.07291958357
7749.82049854 3440.740931 3115.45160016 169.959896691 1700.0 1700.0 9.08548595418
7756.06905213 3440.7350268 3115.46348813 170.057500657 1700.0 1700.0 9.0980523248
7762.31781644 3440.72912955 3115.47534454 170.154943262 1700.0 1700.0 9.11061869541
7768.56679092 3440.72323926 3115.48716951 170.252224898 1700.0 1700.0 9.12318506602
7774.815975 3440.7173559 3115.49896316 170.349345959 1700.0 1700.0 9.13575143664
7781.06536815 3440.71147947 3115.51072563 170.446306833 1700.0 1700.0 9.14831780725
7787.31496981 3440.70560995 3115.52245703 170.543107912 1700.0 1700.0 9.16088417787
7793.56477943 3440.69974733 3115.53415748 170.639749582 1700.0 1700.0 9.17345054848
7799.81479647 3440.69389161 3115.54582711 170.736232232 1700.0 1700.0 9.1860169191
7806.06502039 3440.68804275 3115.55746604 170.832556246 1700.0 1700.0 9.19858328971
7812.31545064 3440.68220077 3115.56907438 170.928722009 1700.0 1700.0 9.21114966033
7818.56608669 3440.67636563 3115.58065226 171.024729904 1700.0 1700.0 9.22371603094
7824.81692799 3440.67053734 3115.59219979 171.120580313 1700.0 1700.0 9.23628240155
7831.06797401 3440.66471587 3115.60371709 171.216273617 1700.0 1700.0 9.24884877217
7837.31922422 3440.65890122 3115.61520428 171.311810196 1700.0 1700.0 9.26141514278
7843.57067809 3440.65309338 3115.62666147 171.407190428 1700.0 1700.0 9.2739815134
7849.82233508 3440.64729233 3115.63808879 171.502414691 1700.0 1700.0 9.28654788401
7856.07419467 3440.64149805 3115.64948634 171.597483359 1700.0 1700.0 9.29911425463
7862.32625633 3440.63571055 3115.66085425 171.692396808 1700.0 1700.0 9.31168062524
7868.57851954 3440.6299298 3115.67219262 171.787155413 1700.0 1700.0 9.32424699585
7874.83098378 3440.6241558 3115.68350157 171.881759544 1700.0 1700.0 9.33681336647
7881.08364852 3440.61838854 3115.69478122 171.976209574 1700.0 1700.0 9.34937973708
7887.33651325 3440.61262799 3115.70603167 172.070505872 1700.0 1700.0 9.3619461077
7893.58957745 3440.60687416 3115.71725304 172.164648808 1700.0 1700.0 9.37451247831
7899.8428406 3440.60112702 3115.72844545 172.258638749 1700.0 1700.0 9.38707884893
7906.09630219 3440.59538657 3115.73960899 172.352476062 1700.0 1700.0 9.39964521954
7912.34996172 3440.58965279 3115.75074378 172.446161113 1700.0 1700.0 9.41221159016
7918.60381866 3440.58392568 3115.76184993 172.539694265 1700.0 1700.0 9.42477796077
7924.85787252 3440.57820522 3115.77292756 172.633075882 1700.0 1700.0 9.43734433138
7931.11212279 3440.5724914 3115.78397676 172.726306326 1700.0 1700.0 9.449910702
7937.36656896 3440.5667842 3115.79499765 172.819385958 1700.0 1700.0 9.46247707261
7943.62121053 3440.56108363 3115.80599033 172.912315138 1700.0 1700.0 9.47504344323
7949.876047 3440.55538966 3115.81695492 173.005094225 1700.0 1700.0 9.48760981384
7956.13107787 3440.54970228 3115.82789151 173.097723575 1700.0 1700.0 9.50017618446
7962.38630264 3440.54402149 3115.83880022 173.190203546 1700.0 1700.0 9.51274255507
7968.64172083 3440.53834727 3115.84968115 173.282534492 1700.0 1700.0 9.52530892568
7974.89733193 3440.53267961 3115.8605344 173.374716768 1700.0 1700.0 9.5378752963
7981.15313545 3440.52701849 3115.87136008 173.466750728 1700.0 1700.0 9.55044166691
7987.40913091 3440.52136391 3115.8821583 173.558636722 1700.0 1700.0 9.56300803753
7993.66531781 3440.51571586 3115.89292915 173.650375103 1700.0 1700.0 9.57557440814
7999.92169567 3440.51007433 3115.90367274 173.741966219 1700.0 1700.0 9.58814077876
8006.178264 3440.5044393 3115.91438917 173.83341042 1700.0 1700.0 9.60070714937
8012.43502233 3440.49881075 3115.92507854 173.924708053 1700.0 1700.0 9.61327351998
8018.69197016 3440.49318869 3115.93574096 174.015859465 1700.0 1700.0 9.6258398906
8024.94910701 3440.4875731 3115.94637653 174.106865001 1700.0 1700.0 9.63840626121
8031.20643242 3440.48196397 3115.95698534 174.197725006 1700.0 1700.0 9.65097263183
8037.4639459 3440.47636129 3115.96756749 174.288439823 1700.0 1700.0 9.66353900244
8043.72164698 3440.47076504 3115.97812309 174.379009794 1700.0 1700.0 9.67610537306
8049.97953519 3440.46517522 3115.98865224 174.469435261 1700.0 1700.0 9.68867174367
8056.23761004 3440.45959181 3115.99915503 174.559716564 1700.0 1700.0 9.70123811429
8062.49587108 3440.4540148 3116.00963155 174.649854042 1700.0 1700.0 9.7138044849
8068.75431783 3440.44844419 3116.02008192 174.739848033 1700.0 1700.0 9.72637085551
8075.01294983 3440.44287996 3116.03050622 174.829698874 1700.0 1700.0 9.73893722613
8081.27176661 3440.4373221 3116.04090455 174.919406902 1700.0 1700.0 9.75150359674
8087.53076771 3440.4317706 3116.051277 175.00897245 1700.0 1700.0 9.76406996736
8093.78995267 3440.42622544 3116.06162368 175.098395854 1700.0 1700.0 9.77663633797
8100.04932102 3440.42068663 3116.07194468 175.187677446 1700.0 1700.0 9.78920270859
8106.3088723 3440.41515414 3116.08224008 175.276817557 1700.0 1700.0 9.8017690792
8112.56860607 3440.40962796 3116.09251 175.36581652 1700.0 1700.0 9.81433544981
8118.82852186 3440.4041081 3116.10275451 175.454674663 1700.0 1700.0 9.82690182043
8125.08861922 3440.39859452 3116.11297371 175.543392316 1700.0 1700.0 9.83946819104
8131.34889769 3440.39308723 3116.12316771 175.631969806 1700.0 1700.0 9.85203456166
8137.60935683 3440.38758621 3116.13333657 175.72040746 1700.0 1700.0 9.86460093227
8143.86999619 3440.38209146 3116.14348041 175.808705605 1700.0 1700.0 9.87716730289
8150.13081531 3440.37660295 3116.15359931 175.896864565 1700.0 1700.0 9.8897336735
8156.39181375 3440.37112069 3116.16369336 175.984884663 1700.0 1700.0 9.90230004412
8162.65299107 3440.36564466 3116.17376266 176.072766223 1700.0 1700.0 9.91486641473
8168.91434682 3440.36017484 3116.18380729 176.160509567 1700.0 1700.0 9.92743278534
8175.17588056 3440.35471124 3116.19382733 176.248115015 1700.0 1700.0 9.93999915596
8181.43759185 3440.34925383 3116.2038229 176.335582888 1700.0 1700.0 9.95256552657
8187.69948025 3440.34380262 3116.21379406 176.422913504 1700.0 1700.0 9.96513189719
8193.96154533 3440.33835758 3116.22374091 176.510107182 1700.0 1700.0 9.9776982678
8200.22378664 3440.3329187 3116.23366353 176.597164238 1700.0 1700.0 9.99026463842
8206.48620375 3440.32748598 3116.24356202 176.684084989 1700.0 1700.0 10.002831009
8212.74879623 3440.32205941 3116.25343646 176.770869749 1700.0 1700.0 10.0153973796
8219.01156364 3440.31663898 3116.26328694 176.857518833 1700.0 1700.0 10.0279637503
8225.27450557 3440.31122467 3116.27311354 176.944032553 1700.0 1700.0 10.0405301209
8231.53762157 3440.30581647 3116.28291636 177.030411223 1700.0 1700.0 10.0530964915
8237.80091122 3440.30041438 3116.29269546 177.116655154 1700.0 1700.0 10.0656628621
8244.0643741 3440.29501839 3116.30245095 177.202764655 1700.0 1700.0 10.0782292327
8250.32800978 3440.28962847 3116.31218291 177.288740036 1700.0 1700.0 10.0907956033
8256.59181783 3440.28424463 3116.32189141 177.374581606 1700.0 1700.0 10.1033619739
8262.85579784 3440.27886686 3116.33157654 177.460289673 1700.0 1700.0 10.1159283446
8269.11994939 3440.27349514 3116.3412384 177.545864542 1700.0 1700.0 10.1284947152
8275.38427205 3440.26812946 3116.35087705 177.63130652 1700.0 1700.0 10.1410610858
8281.64876541 3440.26276981 3116.36049258 177.716615912 1700.0 1700.0 10.1536274564
8287.91342905 3440.25741618 3116.37008508 177.80179302 1700.0 1700.0 10.166193827
8294.17826256 3440.25206857 3116.37965463 177.886838149 1700.0 1700.0 10.1787601976
8300.44326552 3440.24672696 3116.3892013 177.9717516 1700.0 1700.0 10.1913265682
6829.28274966 3490.78058373 3125.96642785 168.048263168 1800.0 1800.0 7.18796399141
6835.47143597 3490.77199686 3125.98950201 168.188812874 1800.0 1800.0 7.20053036203
6841.66048901 3490.76342108 3126.01250077 168.329099939 1800.0 1800.0 7.21309673264
6847.84990762 3490.75485635 3126.03542449 168.469125082 1800.0 1800.0 7.22566310326
6854.03969066 3490.74630266 3126.05827354 168.608889017 1800.0 1800.0 7.23822947387
6860.229837 3490.73775998 3126.08104827 168.748392457 1800.0 1800.0 7.25079584449
6866.42034549 3490.72922829 3126.10374905 168.887636112 1800.0 1800.0 7.2633622151
6872.611215 3490.72070758 3126.12637623 169.02662069 1800.0 1800.0 7.27592858571
6878.80244441 3490.71219782 3126.14893016 169.165346896 1800.0 1800.0 7.28849495633
6884.9940326 3490.70369898 3126.17141119 169.303815431 1800.0 1800.0 7.30106132694
6891.18597845 3490.69521106 3126.19381968 169.442026996 1800.0 1800.0 7.31362769756
6897.37828085 3490.68673402 3126.21615596 169.579982289 1800.0 1800.0 7.32619406817
6903.5709387 3490.67826785 3126.23842039 169.717682005 1800.0 1800.0 7.33876043879
6909.76395089 3490.66981252 3126.26061331 169.855126836 1800.0 1800.0 7.3513268094
6915.95731634 3490.66136802 3126.28273505 169.992317473 1800.0 1800.0 7.36389318001
6922.15103394 3490.65293433 3126.30478595 170.129254602 1800.0 1800.0 7.37645955063
6928.34510261 3490.64451142 3126.32676635 170.265938911 1800.0 1800.0 7.38902592124
6934.53952127 3490.63609927 3126.34867659 170.402371081 1800.0 1800.0 7.40159229186
6940.73428884 3490.62769786 3126.37051699 170.538551793 1800.0 1800.0 7.41415866247
6946.92940425 3490.61930718 3126.39228789 170.674481725 1800.0 1800.0 7.42672503309
6953.12486643 3490.6109272 3126.4139896 170.810161554 1800.0 1800.0 7.4392914037
6959.32067432 3490.6025579 3126.43562247 170.945591952 1800.0 1800.0 7.45185777431
6965.51682685 3490.59419926 3126.4571868 171.08077359 1800.0 1800.0 7.46442414493
6971.71332299 3490.58585126 3126.47868293 171.215707138 1800.0 1800.0 7.47699051554
6977.91016167 3490.57751388 3126.50011117 171.350393262 1800.0 1800.0 7.48955688616
6984.10734184 3490.56918709 3126.52147183 171.484832625 1800.0 1800.0 7.50212325677
6990.30486248 3490.56087089 3126.54276525 171.61902589 1800.0 1800.0 7.51468962739
6996.50272254 3490.55256525 3126.56399172 171.752973715 1800.0 1800.0 7.527255998
7002.70092099 3490.54427015 3126.58515156 171.886676759 1800.0 1800.0 7.53982236862
7008.89945681 3490.53598557 3126.60624507 172.020135676 1800.0 1800.0 7.55238873923
7015.09832897 3490.52771149 3126.62727258 172.153351118 1800.0 1800.0 7.56495510984
7021.29753645 3490.51944788 3126.64823438 172.286323736 1800.0 1800.0 7.57752148046
7027.49707824 3490.51119474 3126.66913077 172.419054177 1800.0 1800.0 7.59008785107
7033.69695332 3490.50295204 3126.68996207 172.551543088 1800.0 1800.0 7.60265422169
7039.8971607 3490.49471975 3126.71072856 172.683791113 1800.0 1800.0 7.6152205923
7046.09769937 3490.48649787 3126.73143056 172.815798892 1800.0 1800.0 7.62778696292
7052.29856834 3490.47828637 3126.75206834 172.947567065 1800.0 1800.0 7.64035333353
7058.4997666 3490.47008523 3126.77264222 173.079096268 1800.0 1800.0 7.65291970414
7064.70129318 3490.46189443 3126.79315248 173.210387136 1800.0 1800.0 7.66548607476
7070.90314708 3490.45371395 3126.81359941 173.341440302 1800.0 1800.0 7.67805244537
7077.10532734 3490.44554377 3126.8339833 173.472256396 1800.0 1800.0 7.69061881599
7083.30783296 3490.43738388 3126.85430445 173.602836047 1800.0 1800.0 7.7031851866
7089.51066298 3490.42923425 3126.87456313 173.733179879 1800.0 1800.0 7.71575155722
7095.71381643 3490.42109487 3126.89475964 173.863288518 1800.0 1800.0 7.72831792783
7101.91729235 3490.41296571 3126.91489425 173.993162584 1800.0 1800.0 7.74088429845
7108.12108977 3490.40484676 3126.93496724 174.122802697 1800.0 1800.0 7.75345066906
7114.32520774 3490.39673799 3126.9549789 174.252209475 1800.0 1800.0 7.76601703967
7120.52964531 3490.38863939 3126.9749295 174.381383533 1800.0 1800.0 7.77858341029
7126.73440153 3490.38055094 3126.99481932 174.510325485 1800.0 1800.0 7.7911497809
7132.93947545 3490.37247262 3127.01464863 174.63903594 1800.0 1800.0 7.80371615152
7139.14486614 3490.36440441 3127.0344177 174.767515509 1800.0 1800.0 7.81628252213
7145.35057265 3490.35634629 3127.05412681 174.895764797 1800.0 1800.0 7.82884889275
7151.55659406 3490.34829825 3127.07377623 175.023784411 1800.0 1800.0 7.84141526336
7157.76292944 3490.34026026 3127.09336621 175.151574952 1800.0 1800.0 7.85398163397
7163.96957786 3490.3322323 3127.11289704 175.279137022 1800.0 1800.0 7.86654800459
7170.1765384 3490.32421436 3127.13236897 175.406471219 1800.0 1800.0 7.8791143752
7176.38381014 3490.31620642 3127.15178226 175.533578139 1800.0 1800.0 7.89168074582
7182.59139217 3490.30820845 3127.17113719 175.660458378 1800.0 1800.0 7.90424711643
7188.79928358 3490.30022045 3127.190434 175.787112527 1800.0 1800.0 7.91681348705
7195.00748347 3490.29224239 3127.20967295 175.913541178 1800.0 1800.0 7.92937985766
7201.21599092 3490.28427425 3127.22885431 176.039744919 1800.0 1800.0 7.94194622828
7207.42480505 3490.27631601 3127.24797833 176.165724336 1800.0 1800.0 7.95451259889
7213.63392496 3490.26836767 3127.26704526 176.291480013 1800.0 1800.0 7.9670789695
7219.84334975 3490.26042919 3127.28605536 176.417012535 1800.0 1800.0 7.97964534012
7226.05307854 3490.25250056 3127.30500887 176.54232248 1800.0 1800.0 7.99221171073
7232.26311044 3490.24458176 3127.32390605 176.667410428 1800.0 1800.0 8.00477808135
7238.47344458 3490.23667277 3127.34274714 176.792276956 1800.0 1800.0 8.01734445196
7244.68408008 3490.22877358 3127.36153239 176.916922637 1800.0 1800.0 8.02991082258
7250.89501605 3490.22088417 3127.38026204 177.041348045 1800.0 1800.0 8.04247719319
7257.10625164 3490.21300451 3127.39893634 177.165553751 1800.0 1800.0 8.0550435638
7263.31778598 3490.20513459 3127.41755554 177.289540324 1800.0 1800.0 8.06760993442
7269.5296182 3490.1972744 3127.43611986 177.413308329 1800.0 1800.0 8.08017630503
7275.74174745 3490.18942391 3127.45462956 177.536858334 1800.0 1800.0 8.09274267565
7281.95417286 3490.18158311 3127.47308487 177.6601909 1800.0 1800.0 8.10530904626
7288.16689359 3490.17375198 3127.49148602 177.783306589 1800.0 1800.0 8.11787541688
7294.37990878 3490.16593049 3127.50983325 177.906205961 1800.0 1800.0 8.13044178749
6297.49843058 3542.77538398 3136.26105799 168.037144406 1900.0 1900.0 6.05699063612
6303.62245047 3542.76386337 3136.29980111 168.220650018 1900.0 1900.0 6.06955700674
6309.74702718 3542.75235849 3136.33839831 168.403785356 1900.0 1900.0 6.08212337735
6315.87215869 3542.74086929 3136.37685042 168.586551503 1900.0 1900.0 6.09468974796
6321.99784304 3542.72939575 3136.41515822 168.76894954 1900.0 1900.0 6.10725611858
6328.12407823 3542.71793783 3136.45332253 168.950980542 1900.0 1900.0 6.11982248919
6334.2508623 3542.7064955 3136.49134413 169.13264558 1900.0 1900.0 6.13238885981
6340.37819329 3542.69506874 3136.52922382 169.313945721 1900.0 1900.0 6.14495523042
6346.50606926 3542.6836575 3136.56696237 169.49488203 1900.0 1900.0 6.15752160104
6352.63448826 3542.67226176 3136.60456056 169.675455566 1900.0 1900.0 6.17008797165
6358.76344838 3542.66088148 3136.64201916 169.855667384 1900.0 1900.0 6.18265434226
6364.89294768 3542.64951664 3136.67933895 170.035518536 1900.0 1900.0 6.19522071288
6371.02298427 3542.63816721 3136.71652066 170.215010068 1900.0 1900.0 6.20778708349
6377.15355625 3542.62683314 3136.75356508 170.394143026 1900.0 1900.0 6.22035345411
6383.28466173 3542.61551442 3136.79047293 170.572918449 1900.0 1900.0 6.23291982472
6389.41629883 3542.604211 3136.82724496 170.751337372 1900.0 1900.0 6.24548619534
6395.54846567 3542.59292287 3136.86388192 170.929400828 1900.0 1900.0 6.25805256595
6401.68116041 3542.58164998 3136.90038453 171.107109845 1900.0 1900.0 6.27061893657
6407.81438119 3542.5703923 3136.93675352 171.284465447 1900.0 1900.0 6.28318530718
6413.94812616 3542.55914982 3136.97298961 171.461468655 1900.0 1900.0 6.29575167779
6420.08239351 3542.54792249 3137.00909353 171.638120485 1900.0 1900.0 6.30831804841
6426.2171814 3542.53671028 3137.04506598 171.814421951 1900.0 1900.0 6.32088441902
6432.35248802 3542.52551317 3137.08090767 171.990374061 1900.0 1900.0 6.33345078964
6438.48831157 3542.51433113 3137.1166193 172.165977822 1900.0 1900.0 6.34601716025
6444.62465025 3542.50316411 3137.15220157 172.341234234 1900.0 1900.0 6.35858353087
6450.76150228 3542.4920121 3137.18765517 172.516144297 1900.0 1900.0 6.37114990148
6456.89886588 3542.48087507 3137.22298079 172.690709003 1900.0 1900.0 6.38371627209
6463.03673927 3542.46975297 3137.25817911 172.864929345 1900.0 1900.0 6.39628264271
6469.17512071 3542.45864579 3137.29325081 173.038806308 1900.0 1900.0 6.40884901332
6475.31400844 3542.4475535 3137.32819656 173.212340876 1900.0 1900.0 6.42141538394
6481.45340072 3542.43647606 3137.36301703 173.38553403 1900.0 1900.0 6.43398175455
6487.59329581 3542.42541344 3137.39771288 173.558386744 1900.0 1900.0 6.44654812517
6493.73369199 3542.41436561 3137.43228478 173.730899991 1900.0 1900.0 6.45911449578
6499.87458754 3542.40333255 3137.46673337 173.903074742 1900.0 1900.0 6.47168086639
6506.01598076 3542.39231423 3137.5010593 174.074911959 1900.0 1900.0 6.48424723701
6512.15786994 3542.38131061 3137.53526322 174.246412607 1900.0 1900.0 6.49681360762
6518.30025339 3542.37032166 3137.56934578 174.417577642 1900.0 1900.0 6.50937997824
6524.44312944 3542.35934737 3137.6033076 174.588408019 1900.0 1900.0 6.52194634885
6530.58649639 3542.34838769 3137.63714932 174.75890469 1900.0 1900.0 6.53451271947
6536.7303526 3542.3374426 3137.67087157 174.929068603 1900.0 1900.0 6.54707909008
6542.8746964 3542.32651206 3137.70447496 175.098900702 1900.0 1900.0 6.5596454607
6549.01952613 3542.31559606 3137.73796013 175.268401927 1900.0 1900.0 6.57221183131
6555.16484016 3542.30469457 3137.77132768 175.437573216 1900.0 1900.0 6.58477820192
6561.31063685 3542.29380754 3137.80457822 175.606415503 1900.0 1900.0 6.59734457254
6567.45691458 3542.28293496 3137.83771236 175.774929718 1900.0 1900.0 6.60991094315
6573.60367172 3542.27207679 3137.8707307 175.943116789 1900.0 1900.0 6.62247731377
6579.75090667 3542.26123301 3137.90363384 176.110977639 1900.0 1900.0 6.63504368438
6585.89861781 3542.25040359 3137.93642238 176.278513189 1900.0 1900.0 6.647610055
6592.04680356 3542.2395885 3137.96909689 176.445724356 1900.0 1900.0 6.66017642561
6598.19546233 3542.22878771 3138.00165798 176.612612054 1900.0 1900.0 6.67274279622
6604.34459254 3542.21800119 3138.03410622 176.779177192 1900.0 1900.0 6.68530916684
6610.4941926 3542.20722892 3138.06644218 176.945420678 1900.0 1900.0 6.69787553745
6616.64426097 3542.19647086 3138.09866645 177.111343416 1900.0 1900.0 6.71044190807
6622.79479607 3542.185727 3138.13077959 177.276946306 1900.0 1900.0 6.72300827868
6628.94579637 3542.17499729 3138.16278217 177.442230246 1900.0 1900.0 6.7355746493
6635.09726031 3542.16428172 3138.19467476 177.607196129 1900.0 1900.0 6.74814101991
6641.24918636 3542.15358025 3138.2264579 177.771844847 1900.0 1900.0 6.76070739053
6647.40157299 3542.14289286 3138.25813216 177.936177286 1900.0 1900.0 6.77327376114
5927.55755526 3596.75302859 3145.93473903 168.048594309 2000.0 2000.0 5.24017654619
5933.6079849 3596.73819669 3145.99526198 168.277276995 2000.0 2000.0 5.2527429168
5939.65921111 3596.72338587 3146.05553036 168.505471781 2000.0 2000.0 5.26530928742
5945.71123067 3596.7085961 3146.11554575 168.733180164 2000.0 2000.0 5.27787565803
5951.76404039 3596.69382733 3146.17530971 168.960403635 2000.0 2000.0 5.29044202865
5957.81763708 3596.67907951 3146.23482378 169.187143679 2000.0 2000.0 5.30300839926
5963.87201759 3596.66435259 3146.2940895 169.413401775 2000.0 2000.0 5.31557476987
5969.92717878 3596.64964655 3146.3531084 169.639179396 2000.0 2000.0 5.32814114049
5975.98311753 3596.63496132 3146.41188199 169.864478011 2000.0 2000.0 5.3407075111
5982.03983072 3596.62029687 3146.47041177 170.089299081 2000.0 2000.0 5.35327388172
5988.09731528 3596.60565316 3146.52869922 170.313644063 2000.0 2000.0 5.36584025233
5994.15556814 3596.59103013 3146.58674582 170.537514408 2000.0 2000.0 5.37840662295
6000.21458625 3596.57642775 3146.64455304 170.76091156 2000.0 2000.0 5.39097299356
6006.27436658 3596.56184597 3146.70212232 170.983836958 2000.0 2000.0 5.40353936417
6012.3349061 3596.54728475 3146.75945511 171.206292038 2000.0 2000.0 5.41610573479
6018.39620184 3596.53274404 3146.81655284 171.428278227 2000.0 2000.0 5.4286721054
6024.4582508 3596.51822381 3146.87341692 171.649796948 2000.0 2000.0 5.44123847602
6030.52105003 3596.503724 3146.93004876 171.870849618 2000.0 2000.0 5.45380484663
6036.58459657 3596.48924458 3146.98644976 172.091437649 2000.0 2000.0 5.46637121725
6042.64888751 3596.4747855 3147.0426213 172.311562447 2000.0 2000.0 5.47893758786
6048.71391993 3596.46034672 3147.09856476 172.531225414 2000.0 2000.0 5.49150395847
6054.77969094 3596.4459282 3147.15428149 172.750427944 2000.0 2000.0 5.50407032909
6060.84619766 3596.4315299 3147.20977285 172.969171428 2000.0 2000.0 5.5166366997
6066.91343722 3596.41715176 3147.26504019 173.187457251 2000.0 2000.0 5.52920307032
6072.98140679 3596.40279376 3147.32008482 173.405286792 2000.0 2000.0 5.54176944093
6079.05010353 3596.38845584 3147.37490808 173.622661425 2000.0 2000.0 5.55433581155
6085.11952464 3596.37413798 3147.42951127 173.839582519 2000.0 2000.0 5.56690218216
6091.18966731 3596.35984011 3147.48389569 174.056051438 2000.0 2000.0 5.57946855278
6097.26052876 3596.34556221 3147.53806263 174.272069539 2000.0 2000.0 5.59203492339
6103.33210623 3596.33130423 3147.59201338 174.487638177 2000.0 2000.0 5.604601294
6109.40439697 3596.31706613 3147.6457492 174.702758699 2000.0 2000.0 5.61716766462
6115.47739825 3596.30284786 3147.69927135 174.917432448 2000.0 2000.0 5.62973403523
6121.55110734 3596.2886494 3147.75258109 175.131660761 2000.0 2000.0 5.64230040585
6127.62552154 3596.27447068 3147.80567965 175.345444971 2000.0 2000.0 5.65486677646
6133.70063816 3596.26031169 3147.85856827 175.558786405 2000.0 2000.0 5.66743314708
6139.77645454 3596.24617236 3147.91124816 175.771686387 2000.0 2000.0 5.67999951769
6145.852968 3596.23205267 3147.96372055 175.984146232 2000.0 2000.0 5.6925658883
6151.93017591 3596.21795257 3148.01598663 176.196167254 2000.0 2000.0 5.70513225892
6158.00807563 3596.20387202 3148.0680476 176.407750759 2000.0 2000.0 5.71769862953
6164.08666456 3596.18981098 3148.11990464 176.618898051 2000.0 2000.0 5.73026500015
6170.16594009 3596.17576941 3148.17155893 176.829610426 2000.0 2000.0 5.74283137076
6176.24589963 3596.16174727 3148.22301164 177.039889177 2000.0 2000.0 5.75539774138
6182.32654062 3596.14774452 3148.27426393 177.249735591 2000.0 2000.0 5.76796411199
6188.40786049 3596.13376112 3148.32531694 177.459150951 2000.0 2000.0 5.78053048261
6194.4898567 3596.11979703 3148.37617182 177.668136534 2000.0 2000.0 5.79309685322
6200.57252672 3596.1058522 3148.42682969 177.876693615 2000.0 2000.0 5.80566322383
5662.19936366 3652.62925353 3154.83988393 168.071192047 2100.0 2100.0 4.62442438608
5668.16724459 3652.61074046 3154.92909095 168.346561213 2100.0 2100.0 4.6369907567
5674.13621487 3652.59225452 3155.01788946 168.621318412 2100.0 2100.0 4.64955712731
5680.10626962 3652.57379568 3155.10628222 168.895465582 2100.0 2100.0 4.66212349793
5686.07740403 3652.55536385 3155.19427193 169.169004652 2100.0 2100.0 4.67468986854
5692.04961329 3652.536959 3155.28186128 169.441937544 2100.0 2100.0 4.68725623916
5698.02289262 3652.51858105 3155.36905293 169.714266173 2100.0 2100.0 4.69982260977
5703.9972373 3652.50022995 3155.45584952 169.985992445 2100.0 2100.0 4.71238898038
5709.97264262 3652.48190563 3155.54225367 170.25711826 2100.0 2100.0 4.724955351
5715.9491039 3652.46360805 3155.62826799 170.527645509 2100.0 2100.0 4.73752172161
5721.9266165 3652.44533715 3155.71389503 170.797576076 2100.0 2100.0 4.75008809223
5727.9051758 3652.42709285 3155.79913736 171.066911837 2100.0 2100.0 4.76265446284
5733.88477722 3652.40887512 3155.88399749 171.335654663 2100.0 2100.0 4.77522083346
5739.86541621 3652.39068388 3155.96847795 171.603806414 2100.0 2100.0 4.78778720407
5745.84708825 3652.37251909 3156.05258121 171.871368946 2100.0 2100.0 4.80035357469
5751.82978882 3652.35438068 3156.13630974 172.138344104 2100.0 2100.0 4.8129199453
5757.81351349 3652.33626859 3156.21966598 172.404733729 2100.0 2100.0 4.82548631591
5763.79825779 3652.31818278 3156.30265235 172.670539654 2100.0 2100.0 4.83805268653
5769.78401733 3652.30012318 3156.38527126 172.935763703 2100.0 2100.0 4.85061905714
5775.77078772 3652.28208974 3156.4675251 173.200407694 2100.0 2100.0 4.86318542776
5781.75856462 3652.26408239 3156.54941621 173.464473439 2100.0 2100.0 4.87575179837
5787.74734369 3652.24610109 3156.63094695 173.72796274 2100.0 2100.0 4.88831816899
5793.73712064 3652.22814578 3156.71211963 173.990877396 2100.0 2100.0 4.9008845396
5799.7278912 3652.2102164 3156.79293655 174.253219194 2100.0 2100.0 4.91345091021
5805.71965113 3652.19231289 3156.87340001 174.514989919 2100.0 2100.0 4.92601728083
5811.71239621 3652.1744352 3156.95351226 174.776191344 2100.0 2100.0 4.93858365144
5817.70612225 3652.15658327 3157.03327555 175.036825239 2100.0 2100.0 4.95115002206
5823.70082509 3652.13875706 3157.11269211 175.296893365 2100.0 2100.0 4.96371639267
5829.69650059 3652.12095649 3157.19176413 175.556397477 2100.0 2100.0 4.97628276329
5835.69314465 3652.10318152 3157.27049382 175.815339323 2100.0 2100.0 4.9888491339
5841.69075316 3652.0854321 3157.34888335 176.073720644 2100.0 2100.0 5.00141550451
5847.68932208 3652.06770816 3157.42693486 176.331543173 2100.0 2100.0 5.01398187513
5853.68884737 3652.05000966 3157.50465049 176.588808638 2100.0 2100.0 5.02654824574
5859.68932502 3652.03233653 3157.58203236 176.84551876 2100.0 2100.0 5.03911461636
5865.69075105 3652.01468873 3157.65908257 177.101675253 2100.0 2100.0 5.05168098697
5871.69312149 3651.9970662 3157.7358032 177.357279823 2100.0 2100.0 5.06424735759
5877.69643241 3651.97946888 3157.81219632 177.612334171 2100.0 2100.0 5.0768137282
5883.7006799 3651.96189673 3157.88826397 177.866839992 2100.0 2100.0 5.08938009882
5469.53468893 3710.31742803 3162.88041049 168.14734997 2200.0 2200.0 4.14690230274
5475.41144384 3710.29487889 3163.00556956 168.470225416 2200.0 2200.0 4.15946867335
5481.28963297 3710.27236358 3163.13011821 168.792361791 2200.0 2200.0 4.17203504397
5487.16924937 3710.24988204 3163.25406076 169.113761483 2200.0 2200.0 4.18460141458
5493.05028613 3710.22743418 3163.37740149 169.434426867 2200.0 2200.0 4.1971677852
5498.93273641 3710.20501992 3163.50014464 169.754360312 2200.0 2200.0 4.20973415581
5504.81659341 3710.1826392 3163.62229441 170.073564175 2200.0 2200.0 4.22230052642
5510.70185037 3710.16029194 3163.74385498 170.392040805 2200.0 2200.0 4.23486689704
5516.58850058 3710.13797806 3163.86483047 170.70979254 2200.0 2200.0 4.24743326765
5522.4765374 3710.11569749 3163.98522496 171.026821711 2200.0 2200.0 4.25999963827
5528.3659542 3710.09345015 3164.10504252 171.343130637 2200.0 2200.0 4.27256600888
5534.25674444 3710.07123598 3164.22428716 171.65872163 2200.0 2200.0 4.2851323795
5540.14890158 3710.04905489 3164.34296286 171.973596991 2200.0 2200.0 4.29769875011
5546.04241917 3710.02690682 3164.46107356 172.287759013 2200.0 2200.0 4.31026512073
5551.93729077 3710.00479168 3164.57862318 172.60120998 2200.0 2200.0 4.32283149134
5557.83351001 3709.98270941 3164.69561558 172.913952165 2200.0 2200.0 4.33539786195
5563.73107055 3709.96065994 3164.81205461 173.225987835 2200.0 2200.0 4.34796423257
5569.62996609 3709.93864319 3164.92794407 173.537319245 2200.0 2200.0 4.36053060318
5575.5301904 3709.91665909 3165.04328774 173.847948642 2200.0 2200.0 4.3730969738
5581.43173727 3709.89470756 3165.15808935 174.157878265 2200.0 2200.0 4.38566334441
5587.33460053 3709.87278854 3165.2723526 174.467110343 2200.0 2200.0 4.39822971503
5593.23877408 3709.85090195 3165.38608117 174.775647097 2200.0 2200.0 4.41079608564
5599.14425182 3709.82904772 3165.4992787 175.083490738 2200.0 2200.0 4.42336245625
5605.05102773 3709.80722578 3165.61194878 175.390643469 2200.0 2200.0 4.43592882687
5610.95909582 3709.78543606 3165.72409501 175.697107485 2200.0 2200.0 4.44849519748
5616.86845014 3709.76367849 3165.83572092 176.002884971 2200.0 2200.0 4.4610615681
5622.77908476 3709.74195299 3165.94683003 176.307978103 2200.0 2200.0 4.47362793871
5628.69099383 3709.7202595 3166.05742581 176.61238905 2200.0 2200.0 4.48619430933
5634.6041715 3709.69859795 3166.16751172 176.916119972 2200.0 2200.0 4.49876067994
5640.51861199 3709.67696826 3166.27709118 177.21917302 2200.0 2200.0 4.51132705055
5646.43430955 3709.65537036 3166.38616758 177.521550335 2200.0 2200.0 4.52389342117
5652.35125846 3709.6338042 3166.49474428 177.823254052 2200.0 2200.0 4.53645979178
5330.31063919 3769.72975914 3170.02596254 168.355114522 2300.0 2300.0 3.76991118431
5336.08863619 3769.70284112 3170.19412875 168.72564729 2300.0 2300.0 3.78247755492
5341.86845727 3769.6759642 3170.36143827 169.095314028 2300.0 2300.0 3.79504392554
5347.65009303 3769.64912827 3170.52789737 169.464117561 2300.0 2300.0 3.80761029615
5353.43353415 3769.62233325 3170.69351227 169.832060704 2300.0 2300.0 3.82017666677
5359.21877136 3769.59557903 3170.85828913 170.199146262 2300.0 2300.0 3.83274303738
5365.00579549 3769.56886554 3171.02223404 170.565377027 2300.0 2300.0 3.84530940799
5370.79459741 3769.54219268 3171.18535306 170.93075578 2300.0 2300.0 3.85787577861
5376.58516808 3769.51556035 3171.34765216 171.295285291 2300.0 2300.0 3.87044214922
5382.37749852 3769.48896846 3171.5091373 171.65896832 2300.0 2300.0 3.88300851984
5388.17157981 3769.46241692 3171.66981433 172.021807616 2300.0 2300.0 3.89557489045
5393.96740311 3769.43590565 3171.82968908 172.383805914 2300.0 2300.0 3.90814126107
5399.76495963 3769.40943454 3171.98876733 172.744965942 2300.0 2300.0 3.92070763168
5405.56424065 3769.38300351 3172.14705479 173.105290415 2300.0 2300.0 3.93327400229
5411.36523754 3769.35661247 3172.30455713 173.464782038 2300.0 2300.0 3.94584037291
5417.1679417 3769.33026132 3172.46127994 173.823443503 2300.0 2300.0 3.95840674352
5422.9723446 3769.30394998 3172.6172288 174.181277496 2300.0 2300.0 3.97097311414
5428.77843779 3769.27767836 3172.77240921 174.538286687 2300.0 2300.0 3.98353948475
5434.58621287 3769.25144637 3172.92682664 174.894473739 2300.0 2300.0 3.99610585537
5440.39566149 3769.22525392 3173.08048648 175.249841302 2300.0 2300.0 4.00867222598
5446.20677539 3769.19910092 3173.23339411 175.604392019 2300.0 2300.0 4.02123859659
5452.01954634 3769.17298727 3173.38555483 175.958128518 2300.0 2300.0 4.03380496721
5457.83396619 3769.14691291 3173.5369739 176.311053419 2300.0 2300.0 4.04637133782
5463.65002684 3769.12087772 3173.68765654 176.663169333 2300.0 2300.0 4.05893770844
5469.46772026 3769.09488164 3173.83760791 177.014478857 2300.0 2300.0 4.07150407905
5475.28703845 3769.06892456 3173.98683315 177.36498458 2300.0 2300.0 4.08407044967
5481.1079735 3769.04300641 3174.13533731 177.714689082 2300.0 2300.0 4.09663682028
5225.9399153 3830.81260061 3176.08068595 168.338431158 2400.0 2400.0 3.45575191895
5231.61061595 3830.78095604 3176.29931679 168.75721772 2400.0 2400.0 3.46831828956
5237.28357494 3830.74936041 3176.5168017 169.175010751 2400.0 2400.0 3.48088466018
5242.95878012 3830.71781363 3176.73314923 169.591813506 2400.0 2400.0 3.49345103079
5248.63621944 3830.68631557 3176.94836782 170.007629229 2400.0 2400.0 3.50601740141
5254.31588095 3830.65486614 3177.16246585 170.42246115 2400.0 2400.0 3.51858377202
5259.99775278 3830.6234652 3177.37545163 170.836312487 2400.0 2400.0 3.53115014263
5265.68182316 3830.59211267 3177.58733337 171.249186445 2400.0 2400.0 3.54371651325
5271.3680804 3830.56080841 3177.79811922 171.661086214 2400.0 2400.0 3.55628288386
5277.05651293 3830.52955233 3178.00781724 172.072014976 2400.0 2400.0 3.56884925448
5282.74710922 3830.49834431 3178.21643544 172.481975897 2400.0 2400.0 3.58141562509
5288.43985788 3830.46718423 3178.42398172 172.890972131 2400.0 2400.0 3.59398199571
5294.13474757 3830.43607201 3178.63046394 173.29900682 2400.0 2400.0 3.60654836632
5299.83176705 3830.40500751 3178.83588986 173.706083094 2400.0 2400.0 3.61911473694
5305.53090517 3830.37399063 3179.04026719 174.11220407 2400.0 2400.0 3.63168110755
5311.23215086 3830.34302127 3179.24360356 174.517372852 2400.0 2400.0 3.64424747816
5316.93549314 3830.31209932 3179.44590652 174.921592534 2400.0 2400.0 3.65681384878
5322.64092109 3830.28122466 3179.64718356 175.324866195 2400.0 2400.0 3.66938021939
5328.34842391 3830.25039719 3179.84744212 175.727196904 2400.0 2400.0 3.68194659001
5334.05799085 3830.21961681 3180.04668953 176.128587717 2400.0 2400.0 3.69451296062
5339.76961125 3830.1888834 3180.24493308 176.529041679 2400.0 2400.0 3.70707933124
5345.48327454 3830.15819685 3180.44218 176.92856182 2400.0 2400.0 3.71964570185
5351.19897022 3830.12755707 3180.63843744 177.327151162 2400.0 2400.0 3.73221207246
5356.91668786 3830.09696395 3180.83371247 177.724812713 2400.0 2400.0 3.74477844308
5149.87262294 3893.48439461 3181.05073871 168.183411028 2500.0 2500.0 3.19185813605
5155.4288448 3893.44768842 3181.32648981 168.650549054 2500.0 2500.0 3.20442450666
5160.98778931 3893.41103958 3181.60077473 169.116567695 2500.0 2500.0 3.21699087728
5166.54944147 3893.37444796 3181.8736044 169.581470616 2500.0 2500.0 3.22955724789
5172.11378641 3893.33791344 3182.14498964 170.045261464 2500.0 2500.0 3.2421236185
5177.68080934 3893.30143588 3182.41494116 170.507943877 2500.0 2500.0 3.25468998912
5183.25049564 3893.26501514 3182.68346961 170.969521476 2500.0 2500.0 3.26725635973
5188.82283074 3893.2286511 3182.95058549 171.429997868 2500.0 2500.0 3.27982273035
5194.39780024 3893.19234362 3183.21629925 171.889376646 2500.0 2500.0 3.29238910096
5199.97538982 3893.15609258 3183.48062122 172.347661389 2500.0 2500.0 3.30495547158
5205.55558527 3893.11989783 3183.74356163 172.804855663 2500.0 2500.0 3.31752184219
5211.1383725 3893.08375926 3184.00513064 173.26096302 2500.0 2500.0 3.33008821281
5216.72373752 3893.04767673 3184.2653383 173.715986997 2500.0 2500.0 3.34265458342
5222.31166647 3893.01165012 3184.52419456 174.169931118 2500.0 2500.0 3.35522095403
5227.90214555 3892.97567928 3184.7817093 174.622798893 2500.0 2500.0 3.36778732465
5233.49516111 3892.9397641 3185.0378923 175.074593819 2500.0 2500.0 3.38035369526
5101.19086749 3957.6346763 3185.24703869 168.352507627 2600.0 2600.0 2.9782298356
5239.09069959 3892.90390445 3185.29275325 175.525319378 2500.0 2500.0 3.39292006588
5244.68874752 3892.8681002 3185.54630175 175.974979041 2500.0 2500.0 3.40548643649
5106.62956838 3957.59264793 3185.58396149 168.8667306 2600.0 2600.0 2.99079620622
5250.28929154 3892.83235122 3185.79854733 176.423576264 2500.0 2500.0 3.41805280711
5112.07145452 3957.55068567 3185.91909319 169.379714831 2600.0 2600.0 3.00336257683
5255.8923184 3892.79665739 3186.04949941 176.871114489 2500.0 2500.0 3.43061917772
5117.51650831 3957.50878938 3186.25244691 169.891464353 2600.0 2600.0 3.01592894745
5261.49781494 3892.76101857 3186.29916733 177.317597145 2500.0 2500.0 3.44318554833
5267.1057681 3892.72543464 3186.54756037 177.763027648 2500.0 2500.0 3.45575191895
5122.96471225 3957.46695888 3186.58403566 170.401983178 2600.0 2600.0 3.02849531806
5128.41604899 3957.42519405 3186.91387232 170.911275307 2600.0 2600.0 3.04106168867
5133.87050131 3957.38349471 3187.24196968 171.419344722 2600.0 2600.0 3.05362805929
5139.32805211 3957.34186072 3187.5683404 171.926195395 2600.0 2600.0 3.0661944299
5144.78868444 3957.30029192 3187.89299702 172.431831277 2600.0 2600.0 3.07876080052
5150.25238144 3957.25878817 3188.21595201 172.936256308 2600.0 2600.0 3.09132717113
5068.14018991 4023.24274852 3188.33995957 168.215483562 2700.0 2700.0 2.78973427639
5155.71912643 3957.21734931 3188.53721767 173.439474411 2600.0 2600.0 3.10389354175
5073.45611866 4023.19507682 3188.74285159 168.776834872 2700.0 2700.0 2.802300647
5161.18890281 3957.17597519 3188.85680625 173.941489496 2600.0 2600.0 3.11645991236
5078.77569698 4023.14748047 3189.143624 169.336830537 2700.0 2700.0 2.81486701762
5166.66169413 3957.13466565 3189.17472984 174.442305457 2600.0 2600.0 3.12902628298
5172.13748404 3957.09342056 3189.49100046 174.941926172 2600.0 2600.0 3.14159265359
5084.0989049 4023.0999593 3189.54229185 169.895474924 2700.0 2700.0 2.82743338823
5177.61625635 3957.05223976 3189.80563002 175.440355506 2600.0 2600.0 3.1541590242
5089.4257226 4023.05251314 3189.93887009 170.452772386 2700.0 2700.0 2.83999975885
5183.09799495 3957.0111231 3190.1186303 175.937597309 2600.0 2600.0 3.16672539482
5094.75613042 4023.0051418 3190.33337355 171.008727259 2700.0 2700.0 2.85256612946
5188.58268387 3956.97007044 3190.430013 176.433655416 2600.0 2600.0 3.17929176543
5050.18158814 4090.22295946 3190.53441128 168.004101283 2800.0 2800.0 2.6263714584
5100.0901088 4022.95784512 3190.72581692 171.563343865 2700.0 2700.0 2.86513250007
5194.07030727 3956.92908162 3190.73978972 176.928533648 2600.0 2600.0 3.19185813605
5055.37239767 4090.16936962 3191.00598372 168.611906243 2800.0 2800.0 2.63893782902
5199.56084941 3956.88815649 3191.04797194 177.422235811 2600.0 2600.0 3.20442450666
5105.42763835 4022.91062291 3191.11621477 172.116626507 2700.0 2700.0 2.87769887069
5205.05429467 3956.84729492 3191.35457105 177.914765696 2600.0 2600.0 3.21699087728
5060.56729926 4090.11586476 3191.47512516 169.218243568 2800.0 2800.0 2.65150419963
5110.76869982 4022.86347501 3191.50458156 172.668579474 2700.0 2700.0 2.8902652413
5116.1132741 4022.81640123 3191.89093163 173.219207039 2700.0 2700.0 2.90283161192
5065.76627108 4090.06244466 3191.94185216 169.823117928 2800.0 2800.0 2.66407057024
5121.4613422 4022.76940142 3192.27527917 173.768513457 2700.0 2700.0 2.91539798253
5070.96929148 4090.00910912 3192.40618115 170.426533977 2800.0 2800.0 2.67663694086
5051.74484642 4158.42863913 3192.65651988 168.616922543 2900.0 2900.0 2.50070775226
5126.81288529 4022.72247539 3192.65763828 174.316502971 2700.0 2700.0 2.92796435315
5076.17633893 4089.95585796 3192.86812843 171.028496353 2800.0 2800.0 2.68920331147
5132.16788465 4022.67562297 3193.03802295 174.863179806 2700.0 2700.0 2.94053072376
5056.81587461 4158.36900521 3193.19441555 169.268212889 2900.0 2900.0 2.51327412287
5081.38739206 4089.90269096 3193.32771019 171.629009677 2800.0 2800.0 2.70176968209
5137.52632172 4022.62884399 3193.41644702 175.408548171 2700.0 2700.0 2.95309709437
5056.92756142 4227.95110781 3193.42776984 168.34703485 3000.0 3000.0 2.37504404611
5061.89137037 4158.30946587 3193.72962294 169.917935747 2900.0 2900.0 2.52584049349
5086.60242964 4089.84960793 3193.78494248 172.228078553 2800.0 2800.0 2.7143360527
5142.88817806 4022.58213828 3193.79292424 175.95261226 2700.0 2700.0 2.96566346499
5061.87384035 4227.88507972 3194.03539759 169.042862834 3000.0 3000.0 2.38761041673
5148.25343535 4022.53550567 3194.16746824 176.495376253 2700.0 2700.0 2.9782298356
5091.82143058 4089.79660868 3194.23984122 172.82570757 2800.0 2800.0 2.72690242332
5066.97131081 4158.25002089 3194.26215936 170.56609603 2900.0 2900.0 2.5384068641
5153.62207544 4022.48894598 3194.54009253 177.036844312 2700.0 2700.0 2.99079620622
5066.82494704 4227.81915636 3194.64009652 169.737022835 3000.0 3000.0 2.40017678734
5097.04437394 4089.74369301 3194.69242222 173.421901297 2800.0 2800.0 2.73946879393
5072.05567322 4158.19067004 3194.79204201 171.212698633 2900.0 2900.0 2.55097323471
5158.99408026 4022.44245906 3194.91081051 177.577020585 2700.0 2700.0 3.00336257683
5102.2712389 4089.69086072 3195.14270117 174.016664292 2800.0 2800.0 2.75203516454
5071.78085799 4227.75333748 3195.2418843 170.429519993 3000.0 3000.0 2.41274315796
5077.144435 4158.13141312 3195.31928798 171.857748435 2900.0 2900.0 2.56353960533
5107.50200482 4089.63811162 3195.59069363 174.610001092 2800.0 2800.0 2.76460153516
5076.74154983 4227.68762283 3195.8407785 171.120359429 3000.0 3000.0 2.42530952857
5082.2375737 4158.07224989 3195.84391422 172.501250298 2900.0 2900.0 2.57610597594
5112.73665115 4089.58544552 3196.03641503 175.201916221 2800.0 2800.0 2.77716790577
5087.33506701 4158.01318014 3196.36593757 173.143209066 2900.0 2900.0 2.58867234656
5081.7069993 4227.62201218 3196.43679658 171.80954625 3000.0 3000.0 2.43787589919
5117.97515753 4089.53286221 3196.4798807 175.792414184 2800.0 2800.0 2.78973427639
5092.43689276 4157.95420364 3196.88537476 173.783629568 2900.0 2900.0 2.60123871717
5123.21750369 4089.48036152 3196.92110584 176.381499471 2800.0 2800.0 2.802300647
5086.67718329 4227.55650529 3197.02995588 172.497085544 3000.0 3000.0 2.4504422698
5128.46366952 4089.42794323 3197.36010554 176.969176558 2800.0 2800.0 2.81486701762
5097.54302892 4157.89532019 3197.40224239 174.422516614 2900.0 2900.0 2.61380508779
5091.6520788 4227.4911019 3197.62027365 173.182982381 3000.0 3000.0 2.46300864041
5133.71363506 4089.37560717 3197.79689476 177.555449901 2800.0 2800.0 2.82743338823
5102.65345358 4157.83652956 3197.91655695 175.059875001 2900.0 2900.0 2.6263714584
5096.63166296 4227.42580177 3198.20776703 173.867241816 3000.0 3000.0 2.47557501103
5107.76814497 4157.77783154 3198.42833481 175.695709507 2900.0 2900.0 2.63893782902
5101.61591304 4227.36060467 3198.79245304 174.549868888 3000.0 3000.0 2.48814138164
5112.88708147 4157.7192259 3198.93759223 176.330024893 2900.0 2900.0 2.65150419963
5106.60480642 4227.29551035 3199.3743486 175.230868618 3000.0 3000.0 2.50070775226
5118.01024157 4157.66071244 3199.44434535 176.962825904 2900.0 2900.0 2.66407057024
5123.13760393 4157.60229094 3199.94861019 177.59411727 2900.0 2900.0 2.67663694086
5111.5983206 4227.23051857 3199.95347053 175.910246009 3000.0 3000.0 2.51327412287
5116.59643324 4227.1656291 3200.52983555 176.58800605 3000.0 3000.0 2.52584049349
5121.59912207 4227.1008417 3201.10346026 177.264153713 3000.0 3000.0 2.5384068641
5126.60636499 4227.03615612 3201.67436117 177.938693951 3000.0 3000.0 2.55097323471
