8979.01473315 3929.47308198 3611.73953938 168.027119977 1800.0 1800.0 12.2899104608
8984.38878036 3929.46941309 3611.74662997 168.098144943 1800.0 1800.0 12.3024768315
8989.76293737 3929.4657474 3611.75370652 168.169083103 1800.0 1800.0 12.3150432021
8995.13720396 3929.4620849 3611.76076906 168.239934614 1800.0 1800.0 12.3276095727
9000.51157991 3929.4584256 3611.76781764 168.310699632 1800.0 1800.0 12.3401759433
9005.88606502 3929.45476948 3611.77485229 168.381378313 1800.0 1800.0 12.3527423139
9011.26065907 3929.45111655 3611.78187307 168.451970813 1800.0 1800.0 12.3653086845
9016.63536186 3929.44746679 3611.78888 168.522477287 1800.0 1800.0 12.3778750551
9022.01017318 3929.44382021 3611.79587313 168.592897891 1800.0 1800.0 12.3904414258
9027.38509281 3929.4401768 3611.8028525 168.663232778 1800.0 1800.0 12.4030077964
9032.76012055 3929.43653656 3611.80981815 168.733482103 1800.0 1800.0 12.415574167
9038.13525619 3929.43289948 3611.81677012 168.80364602 1800.0 1800.0 12.4281405376
9043.51049953 3929.42926556 3611.82370845 168.873724682 1800.0 1800.0 12.4407069082
9048.88585034 3929.42563479 3611.83063318 168.943718243 1800.0 1800.0 12.4532732788
9054.26130844 3929.42200717 3611.83754435 169.013626855 1800.0 1800.0 12.4658396494
9059.63687362 3929.4183827 3611.844442 169.08345067 1800.0 1800.0 12.4784060201
9065.01254566 3929.41476137 3611.85132617 169.153189841 1800.0 1800.0 12.4909723907
9070.38832436 3929.41114318 3611.85819689 169.22284452 1800.0 1800.0 12.5035387613
9075.76420953 3929.40752812 3611.86505421 169.292414857 1800.0 1800.0 12.5161051319
9081.14020095 3929.4039162 3611.87189817 169.361901003 1800.0 1800.0 12.5286715025
9086.51629842 3929.40030739 3611.87872879 169.43130311 1800.0 1800.0 12.5412378731
9091.89250175 3929.39670171 3611.88554613 169.500621327 1800.0 1800.0 12.5538042437
8015.68665036 3975.829094 3622.04199663 168.006991359 1900.0 1900.0 9.99026463842
8021.02329984 3975.82389023 3622.05500159 168.106016192 1900.0 1900.0 10.002831009
8026.36012944 3975.81869138 3622.06797546 168.204905844 1900.0 1900.0 10.0153973796
8031.69713874 3975.81349744 3622.08091836 168.303660587 1900.0 1900.0 10.0279637503
8037.03432735 3975.80830841 3622.0938304 168.402280691 1900.0 1900.0 10.0405301209
8042.37169485 3975.80312427 3622.10671169 168.500766425 1900.0 1900.0 10.0530964915
8047.70924085 3975.79794503 3622.11956234 168.59911806 1900.0 1900.0 10.0656628621
8053.04696496 3975.79277068 3622.13238245 168.697335863 1900.0 1900.0 10.0782292327
8058.38486675 3975.7876012 3622.14517214 168.795420101 1900.0 1900.0 10.0907956033
8063.72294585 3975.7824366 3622.1579315 168.893371042 1900.0 1900.0 10.1033619739
8069.06120186 3975.77727686 3622.17066066 168.991188952 1900.0 1900.0 10.1159283446
8074.39963436 3975.77212198 3622.1833597 169.088874096 1900.0 1900.0 10.1284947152
8079.73824299 3975.76697195 3622.19602875 169.18642674 1900.0 1900.0 10.1410610858
8085.07702733 3975.76182677 3622.20866789 169.283847147 1900.0 1900.0 10.1536274564
8090.415987 3975.75668642 3622.22127725 169.38113558 1900.0 1900.0 10.166193827
8095.7551216 3975.7515509 3622.23385692 169.478292304 1900.0 1900.0 10.1787601976
8101.09443076 3975.74642021 3622.246407 169.575317578 1900.0 1900.0 10.1913265682
8106.43391407 3975.74129433 3622.2589276 169.672211666 1900.0 1900.0 10.2038929389
8111.77357115 3975.73617326 3622.27141883 169.768974828 1900.0 1900.0 10.2164593095
8117.11340163 3975.731057 3622.28388078 169.865607323 1900.0 1900.0 10.2290256801
8122.4534051 3975.72594554 3622.29631355 169.962109412 1900.0 1900.0 10.2415920507
8127.79358119 3975.72083886 3622.30871726 170.058481352 1900.0 1900.0 10.2541584213
8133.13392951 3975.71573697 3622.32109199 170.154723402 1900.0 1900.0 10.2667247919
8138.4744497 3975.71063985 3622.33343785 170.25083582 1900.0 1900.0 10.2792911625
8143.81514135 3975.70554751 3622.34575494 170.346818861 1900.0 1900.0 10.2918575332
8149.1560041 3975.70045992 3622.35804335 170.442672783 1900.0 1900.0 10.3044239038
8154.49703757 3975.6953771 3622.3703032 170.538397839 1900.0 1900.0 10.3169902744
8159.83824139 3975.69029902 3622.38253456 170.633994286 1900.0 1900.0 10.329556645
8165.17961517 3975.68522569 3622.39473756 170.729462377 1900.0 1900.0 10.3421230156
8170.52115854 3975.68015709 3622.40691227 170.824802365 1900.0 1900.0 10.3546893862
8175.86287113 3975.67509323 3622.4190588 170.920014504 1900.0 1900.0 10.3672557568
8181.20475257 3975.67003408 3622.43117725 171.015099045 1900.0 1900.0 10.3798221275
8186.54680249 3975.66497966 3622.44326771 171.110056239 1900.0 1900.0 10.3923884981
8191.88902051 3975.65992994 3622.45533028 171.204886338 1900.0 1900.0 10.4049548687
8197.23140628 3975.65488493 3622.46736505 171.299589592 1900.0 1900.0 10.4175212393
8202.57395942 3975.64984461 3622.47937211 171.39416625 1900.0 1900.0 10.4300876099
8207.91667956 3975.64480899 3622.49135157 171.488616561 1900.0 1900.0 10.4426539805
8213.25956635 3975.63977805 3622.50330352 171.582940774 1900.0 1900.0 10.4552203511
8218.60261941 3975.63475179 3622.51522805 171.677139135 1900.0 1900.0 10.4677867218
8223.94583839 3975.62973019 3622.52712525 171.771211892 1900.0 1900.0 10.4803530924
8229.28922292 3975.62471327 3622.53899522 171.865159292 1900.0 1900.0 10.492919463
8234.63277264 3975.619701 3622.55083805 171.958981579 1900.0 1900.0 10.5054858336
8239.9764872 3975.61469338 3622.56265383 172.052678999 1900.0 1900.0 10.5180522042
8245.32036623 3975.60969041 3622.57444265 172.146251796 1900.0 1900.0 10.5306185748
8250.66440938 3975.60469207 3622.5862046 172.239700215 1900.0 1900.0 10.5431849454
8256.00861628 3975.59969837 3622.59793979 172.333024498 1900.0 1900.0 10.5557513161
8261.3529866 3975.59470929 3622.60964828 172.426224888 1900.0 1900.0 10.5683176867
8266.69751997 3975.58972483 3622.62133018 172.519301626 1900.0 1900.0 10.5808840573
8272.04221604 3975.58474499 3622.63298558 172.612254955 1900.0 1900.0 10.5934504279
8277.38707445 3975.57976975 3622.64461456 172.705085115 1900.0 1900.0 10.6060167985
8282.73209486 3975.57479911 3622.65621722 172.797792346 1900.0 1900.0 10.6185831691
8288.07727692 3975.56983307 3622.66779363 172.890376887 1900.0 1900.0 10.6311495397
8293.42262028 3975.56487161 3622.6793439 172.982838977 1900.0 1900.0 10.6437159104
8298.76812458 3975.55991474 3622.6908681 173.075178856 1900.0 1900.0 10.656282281
8304.11378949 3975.55496243 3622.70236633 173.167396759 1900.0 1900.0 10.6688486516
8309.45961466 3975.5500147 3622.71383867 173.259492925 1900.0 1900.0 10.6814150222
8314.80559974 3975.54507153 3622.7252852 173.351467589 1900.0 1900.0 10.6939813928
8320.15174439 3975.54013291 3622.73670602 173.443320988 1900.0 1900.0 10.7065477634
8325.49804827 3975.53519885 3622.74810121 173.535053357 1900.0 1900.0 10.719114134
8330.84451104 3975.53026933 3622.75947086 173.626664931 1900.0 1900.0 10.7316805047
8336.19113235 3975.52534434 3622.77081504 173.718155943 1900.0 1900.0 10.7442468753
8341.53791187 3975.52042389 3622.78213385 173.809526628 1900.0 1900.0 10.7568132459
8346.88484926 3975.51550795 3622.79342737 173.900777217 1900.0 1900.0 10.7693796165
8352.23194418 3975.51059654 3622.80469568 173.991907944 1900.0 1900.0 10.7819459871
8357.57919629 3975.50568964 3622.81593886 174.082919039 1900.0 1900.0 10.7945123577
8362.92660526 3975.50078725 3622.82715701 174.173810735 1900.0 1900.0 10.8070787283
8368.27417075 3975.49588935 3622.8383502 174.264583261 1900.0 1900.0 10.819645099
8373.62189244 3975.49099595 3622.84951851 174.355236848 1900.0 1900.0 10.8322114696
8378.96976998 3975.48610704 3622.86066203 174.445771725 1900.0 1900.0 10.8447778402
8384.31780305 3975.4812226 3622.87178083 174.536188121 1900.0 1900.0 10.8573442108
8389.66599132 3975.47634264 3622.88287501 174.626486264 1900.0 1900.0 10.8699105814
8395.01433446 3975.47146715 3622.89394463 174.716666381 1900.0 1900.0 10.882476952
8400.36283213 3975.46659613 3622.90498979 174.8067287 1900.0 1900.0 10.8950433226
8405.71148402 3975.46172955 3622.91601056 174.896673447 1900.0 1900.0 10.9076096933
8411.06028979 3975.45686743 3622.92700701 174.986500849 1900.0 1900.0 10.9201760639
8416.40924912 3975.45200976 3622.93797924 175.07621113 1900.0 1900.0 10.9327424345
8421.75836169 3975.44715652 3622.94892732 175.165804515 1900.0 1900.0 10.9453088051
8427.10762716 3975.44230771 3622.95985133 175.255281229 1900.0 1900.0 10.9578751757
8432.45704523 3975.43746333 3622.97075134 175.344641495 1900.0 1900.0 10.9704415463
8437.80661556 3975.43262337 3622.98162744 175.433885536 1900.0 1900.0 10.9830079169
8443.15633784 3975.42778783 3622.9924797 175.523013575 1900.0 1900.0 10.9955742876
8448.50621174 3975.42295669 3623.00330821 175.612025834 1900.0 1900.0 11.0081406582
8453.85623695 3975.41812996 3623.01411303 175.700922534 1900.0 1900.0 11.0207070288
8459.20641315 3975.41330762 3623.02489424 175.789703897 1900.0 1900.0 11.0332733994
8464.55674001 3975.40848967 3623.03565193 175.878370142 1900.0 1900.0 11.04583977
8469.90721724 3975.4036761 3623.04638616 175.966921489 1900.0 1900.0 11.0584061406
8475.25784451 3975.39886691 3623.05709702 176.055358158 1900.0 1900.0 11.0709725113
8480.6086215 3975.39406209 3623.06778458 176.143680367 1900.0 1900.0 11.0835388819
8485.9595479 3975.38926164 3623.07844891 176.231888334 1900.0 1900.0 11.0961052525
8491.31062341 3975.38446555 3623.08909009 176.319982278 1900.0 1900.0 11.1086716231
8496.6618477 3975.37967382 3623.09970819 176.407962414 1900.0 1900.0 11.1212379937
8502.01322047 3975.37488643 3623.11030329 176.49582896 1900.0 1900.0 11.1338043643
8507.36474141 3975.37010339 3623.12087546 176.583582131 1900.0 1900.0 11.1463707349
8512.7164102 3975.36532468 3623.13142478 176.671222143 1900.0 1900.0 11.1589371056
8518.06822655 3975.3605503 3623.14195132 176.758749211 1900.0 1900.0 11.1715034762
8523.42019014 3975.35578025 3623.15245514 176.84616355 1900.0 1900.0 11.1840698468
8528.77230068 3975.35101451 3623.16293634 176.933465372 1900.0 1900.0 11.1966362174
8534.12455784 3975.34625309 3623.17339496 177.020654892 1900.0 1900.0 11.209202588
8539.47696133 3975.34149597 3623.1838311 177.107732321 1900.0 1900.0 11.2217689586
8544.82951084 3975.33674316 3623.19424482 177.194697874 1900.0 1900.0 11.2343353292
8550.18220608 3975.33199464 3623.20463619 177.28155176 1900.0 1900.0 11.2469016999
8555.53504674 3975.32725041 3623.21500528 177.368294191 1900.0 1900.0 11.2594680705
8560.88803251 3975.32251047 3623.22535217 177.454925379 1900.0 1900.0 11.2720344411
8566.24116311 3975.3177748 3623.23567692 177.541445532 1900.0 1900.0 11.2846008117
8571.59443822 3975.31304341 3623.24597961 177.627854861 1900.0 1900.0 11.2971671823
8576.94785756 3975.30831628 3623.2562603 177.714153576 1900.0 1900.0 11.3097335529
8582.30142082 3975.30359342 3623.26651906 177.800341883 1900.0 1900.0 11.3222999235
8587.6551277 3975.2988748 3623.27675597 177.886419992 1900.0 1900.0 11.3348662942
8593.00897792 3975.29416044 3623.28697109 177.972388111 1900.0 1900.0 11.3474326648
7371.10907669 4024.09136 3632.10095968 168.093591566 2000.0 2000.0 8.41946831162
7376.40269858 4024.08438691 3632.12275758 168.222948253 2000.0 2000.0 8.43203468224
7381.6965919 4024.0774208 3632.14449505 168.352113597 2000.0 2000.0 8.44460105285
7386.99075595 4024.07046167 3632.16617234 168.481088013 2000.0 2000.0 8.45716742346
7392.28519003 4024.0635095 3632.1877897 168.609871913 2000.0 2000.0 8.46973379408
7397.57989346 4024.0565643 3632.20934738 168.738465706 2000.0 2000.0 8.48230016469
7402.87486554 4024.04962604 3632.23084562 168.866869804 2000.0 2000.0 8.49486653531
7408.17010558 4024.04269471 3632.25228466 168.995084614 2000.0 2000.0 8.50743290592
7413.46561289 4024.03577031 3632.27366474 169.123110543 2000.0 2000.0 8.51999927654
7418.7613868 4024.02885282 3632.29498611 169.250947999 2000.0 2000.0 8.53256564715
7424.05742663 4024.02194224 3632.316249 169.378597387 2000.0 2000.0 8.54513201776
7429.35373168 4024.01503856 3632.33745364 169.506059109 2000.0 2000.0 8.55769838838
7434.6503013 4024.00814175 3632.35860029 169.63333357 2000.0 2000.0 8.57026475899
7439.9471348 4024.00125183 3632.37968916 169.76042117 2000.0 2000.0 8.58283112961
7445.24423152 4023.99436876 3632.4007205 169.887322312 2000.0 2000.0 8.59539750022
7450.54159078 4023.98749255 3632.42169454 170.014037393 2000.0 2000.0 8.60796387084
7455.83921192 4023.98062318 3632.4426115 170.140566813 2000.0 2000.0 8.62053024145
7461.13709428 4023.97376064 3632.46347163 170.266910969 2000.0 2000.0 8.63309661206
7466.43523719 4023.96690493 3632.48427514 170.393070257 2000.0 2000.0 8.64566298268
7471.73364001 4023.96005603 3632.50502226 170.519045072 2000.0 2000.0 8.65822935329
7477.03230206 4023.95321393 3632.52571323 170.644835808 2000.0 2000.0 8.67079572391
7482.3312227 4023.94637862 3632.54634826 170.770442859 2000.0 2000.0 8.68336209452
7487.63040128 4023.93955009 3632.56692759 170.895866616 2000.0 2000.0 8.69592846514
7492.92983714 4023.93272834 3632.58745142 171.021107469 2000.0 2000.0 8.70849483575
7498.22952964 4023.92591335 3632.60791999 171.146165809 2000.0 2000.0 8.72106120637
7503.52947814 4023.91910511 3632.62833352 171.271042024 2000.0 2000.0 8.73362757698
7508.829682 4023.91230361 3632.64869222 171.395736502 2000.0 2000.0 8.74619394759
7514.13014056 4023.90550885 3632.66899631 171.520249628 2000.0 2000.0 8.75876031821
7519.43085321 4023.8987208 3632.68924602 171.644581789 2000.0 2000.0 8.77132668882
7524.73181929 4023.89193947 3632.70944154 171.768733369 2000.0 2000.0 8.78389305944
7530.03303818 4023.88516484 3632.72958311 171.892704752 2000.0 2000.0 8.79645943005
7535.33450925 4023.87839691 3632.74967093 172.016496318 2000.0 2000.0 8.80902580067
7540.63623187 4023.87163565 3632.76970522 172.14010845 2000.0 2000.0 8.82159217128
7545.93820542 4023.86488107 3632.78968619 172.263541527 2000.0 2000.0 8.83415854189
7551.24042926 4023.85813315 3632.80961404 172.386795929 2000.0 2000.0 8.84672491251
7556.54290278 4023.85139188 3632.82948899 172.509872034 2000.0 2000.0 8.85929128312
7561.84562536 4023.84465726 3632.84931124 172.632770218 2000.0 2000.0 8.87185765374
7567.14859638 4023.83792926 3632.86908101 172.755490858 2000.0 2000.0 8.88442402435
7572.45181522 4023.83120789 3632.88879849 172.878034329 2000.0 2000.0 8.89699039497
7577.75528128 4023.82449314 3632.9084639 173.000401004 2000.0 2000.0 8.90955676558
7583.05899394 4023.81778499 3632.92807743 173.122591257 2000.0 2000.0 8.9221231362
7588.3629526 4023.81108343 3632.94763929 173.244605458 2000.0 2000.0 8.93468950681
7593.66715664 4023.80438846 3632.96714969 173.36644398 2000.0 2000.0 8.94725587742
7598.97160547 4023.79770006 3632.98660881 173.488107192 2000.0 2000.0 8.95982224804
7604.27629848 4023.79101823 3633.00601687 173.609595462 2000.0 2000.0 8.97238861865
7609.58123507 4023.78434295 3633.02537405 173.730909159 2000.0 2000.0 8.98495498927
7614.88641464 4023.77767422 3633.04468056 173.852048649 2000.0 2000.0 8.99752135988
7620.1918366 4023.77101202 3633.06393659 173.973014298 2000.0 2000.0 9.0100877305
7625.49750036 4023.76435635 3633.08314235 174.093806471 2000.0 2000.0 9.02265410111
7630.80340531 4023.7577072 3633.10229801 174.214425532 2000.0 2000.0 9.03522047172
7636.10955088 4023.75106455 3633.12140379 174.334871844 2000.0 2000.0 9.04778684234
7641.41593648 4023.7444284 3633.14045986 174.455145767 2000.0 2000.0 9.06035321295
7646.72256152 4023.73779874 3633.15946643 174.575247665 2000.0 2000.0 9.07291958357
7652.02942541 4023.73117556 3633.17842367 174.695177895 2000.0 2000.0 9.08548595418
7657.33652758 4023.72455885 3633.19733179 174.814936817 2000.0 2000.0 9.0980523248
7662.64386744 4023.7179486 3633.21619097 174.934524789 2000.0 2000.0 9.11061869541
7667.95144443 4023.7113448 3633.23500139 175.053942168 2000.0 2000.0 9.12318506602
7673.25925795 4023.70474744 3633.25376325 175.17318931 2000.0 2000.0 9.13575143664
7678.56730745 4023.69815651 3633.27247673 175.292266569 2000.0 2000.0 9.14831780725
7683.87559235 4023.69157201 3633.29114202 175.411174301 2000.0 2000.0 9.16088417787
7689.18411207 4023.68499391 3633.30975929 175.529912857 2000.0 2000.0 9.17345054848
7694.49286606 4023.67842222 3633.32832874 175.648482591 2000.0 2000.0 9.1860169191
7699.80185375 4023.67185693 3633.34685053 175.766883853 2000.0 2000.0 9.19858328971
7705.11107456 4023.66529802 3633.36532487 175.885116993 2000.0 2000.0 9.21114966033
7710.42052795 4023.65874548 3633.38375192 176.003182362 2000.0 2000.0 9.22371603094
7715.73021336 4023.65219931 3633.40213186 176.121080306 2000.0 2000.0 9.23628240155
7721.04013021 4023.6456595 3633.42046488 176.238811174 2000.0 2000.0 9.24884877217
7726.35027797 4023.63912604 3633.43875115 176.356375313 2000.0 2000.0 9.26141514278
7731.66065607 4023.63259891 3633.45699084 176.473773067 2000.0 2000.0 9.2739815134
7736.97126396 4023.62607812 3633.47518414 176.591004781 2000.0 2000.0 9.28654788401
7742.28210109 4023.61956364 3633.49333121 176.708070799 2000.0 2000.0 9.29911425463
7747.59316692 4023.61305547 3633.51143224 176.824971463 2000.0 2000.0 9.31168062524
7752.9044609 4023.60655361 3633.52948739 176.941707117 2000.0 2000.0 9.32424699585
7758.21598248 4023.60005804 3633.54749684 177.058278099 2000.0 2000.0 9.33681336647
7763.52773112 4023.59356875 3633.56546076 177.174684751 2000.0 2000.0 9.34937973708
7768.83970628 4023.58708574 3633.58337932 177.290927412 2000.0 2000.0 9.3619461077
7774.15190742 4023.58060899 3633.60125268 177.407006419 2000.0 2000.0 9.37451247831
7779.46433401 4023.5741385 3633.61908103 177.52292211 2000.0 2000.0 9.38707884893
7784.7769855 4023.56767426 3633.63686452 177.638674822 2000.0 2000.0 9.39964521954
7790.08986137 4023.56121625 3633.65460332 177.754264889 2000.0 2000.0 9.41221159016
7795.40296108 4023.55476448 3633.6722976 177.869692647 2000.0 2000.0 9.42477796077
7800.71628411 4023.54831892 3633.68994753 177.984958429 2000.0 2000.0 9.43734433138
6909.18741902 4074.20975814 3641.72811075 168.020973112 2100.0 2100.0 7.2633622151
6914.43176515 4074.20076759 3641.76238798 168.182796668 2100.0 2100.0 7.27592858571
6919.67649918 4074.19178646 3641.79655798 168.344365909 2100.0 2100.0 7.28849495633
6924.92161998 4074.18281473 3641.83062123 168.505681413 2100.0 2100.0 7.30106132694
6930.16712642 4074.17385238 3641.86457823 168.666743758 2100.0 2100.0 7.31362769756
6935.41301739 4074.1648994 3641.89842947 168.82755352 2100.0 2100.0 7.32619406817
6940.65929178 4074.15595578 3641.93217544 168.988111274 2100.0 2100.0 7.33876043879
6945.90594847 4074.14702151 3641.96581661 169.148417591 2100.0 2100.0 7.3513268094
6951.15298636 4074.13809656 3641.99935348 169.308473044 2100.0 2100.0 7.36389318001
6956.40040435 4074.12918092 3642.03278652 169.4682782 2100.0 2100.0 7.37645955063
6961.64820135 4074.12027458 3642.0661162 169.627833628 2100.0 2100.0 7.38902592124
6966.89637626 4074.11137752 3642.09934299 169.787139893 2100.0 2100.0 7.40159229186
6972.14492801 4074.10248974 3642.13246737 169.946197559 2100.0 2100.0 7.41415866247
6977.39385551 4074.09361121 3642.1654898 170.10500719 2100.0 2100.0 7.42672503309
6982.64315769 4074.08474192 3642.19841075 170.263569347 2100.0 2100.0 7.4392914037
6987.89283347 4074.07588185 3642.23123067 170.421884587 2100.0 2100.0 7.45185777431
6993.14288178 4074.067031 3642.26395003 170.57995347 2100.0 2100.0 7.46442414493
6998.39330158 4074.05818934 3642.29656927 170.737776552 2100.0 2100.0 7.47699051554
7003.64409178 4074.04935687 3642.32908886 170.895354386 2100.0 2100.0 7.48955688616
7008.89525135 4074.04053356 3642.36150924 171.052687526 2100.0 2100.0 7.50212325677
7014.14677923 4074.03171941 3642.39383086 171.209776523 2100.0 2100.0 7.51468962739
7019.39867439 4074.0229144 3642.42605416 171.366621927 2100.0 2100.0 7.527255998
7024.65093577 4074.01411852 3642.45817959 171.523224285 2100.0 2100.0 7.53982236862
7029.90356234 4074.00533175 3642.49020759 171.679584144 2100.0 2100.0 7.55238873923
7035.15655307 4073.99655407 3642.52213858 171.83570205 2100.0 2100.0 7.56495510984
7040.40990694 4073.98778548 3642.55397302 171.991578544 2100.0 2100.0 7.57752148046
7045.66362292 4073.97902596 3642.58571132 172.14721417 2100.0 2100.0 7.59008785107
7050.91769999 4073.97027549 3642.61735392 172.302609468 2100.0 2100.0 7.60265422169
7056.17213713 4073.96153407 3642.64890124 172.457764975 2100.0 2100.0 7.6152205923
7061.42693334 4073.95280167 3642.68035371 172.612681229 2100.0 2100.0 7.62778696292
7066.68208761 4073.94407829 3642.71171174 172.767358766 2100.0 2100.0 7.64035333353
7071.93759894 4073.93536391 3642.74297577 172.92179812 2100.0 2100.0 7.65291970414
7077.19346633 4073.92665851 3642.7741462 173.075999822 2100.0 2100.0 7.66548607476
7082.44968878 4073.91796208 3642.80522345 173.229964405 2100.0 2100.0 7.67805244537
7087.70626531 4073.90927461 3642.83620793 173.383692397 2100.0 2100.0 7.69061881599
7092.96319493 4073.90059609 3642.86710005 173.537184325 2100.0 2100.0 7.7031851866
7098.22047666 4073.8919265 3642.89790021 173.690440718 2100.0 2100.0 7.71575155722
7103.47810951 4073.88326582 3642.92860883 173.843462099 2100.0 2100.0 7.72831792783
7108.73609253 4073.87461405 3642.95922631 173.996248991 2100.0 2100.0 7.74088429845
7113.99442473 4073.86597117 3642.98975303 174.148801917 2100.0 2100.0 7.75345066906
7119.25310515 4073.85733716 3643.02018941 174.301121397 2100.0 2100.0 7.76601703967
7124.51213283 4073.84871201 3643.05053583 174.453207949 2100.0 2100.0 7.77858341029
7129.77150681 4073.84009571 3643.0807927 174.605062091 2100.0 2100.0 7.7911497809
7135.03122614 4073.83148825 3643.11096039 174.75668434 2100.0 2100.0 7.80371615152
7140.29128987 4073.82288961 3643.1410393 174.908075208 2100.0 2100.0 7.81628252213
7145.55169704 4073.81429978 3643.17102982 175.05923521 2100.0 2100.0 7.82884889275
7150.81244672 4073.80571874 3643.20093233 175.210164857 2100.0 2100.0 7.84141526336
7156.07353797 4073.79714648 3643.23074721 175.360864658 2100.0 2100.0 7.85398163397
7161.33496986 4073.78858298 3643.26047484 175.511335122 2100.0 2100.0 7.86654800459
7166.59674144 4073.78002825 3643.29011559 175.661576757 2100.0 2100.0 7.8791143752
7171.8588518 4073.77148225 3643.31966986 175.811590068 2100.0 2100.0 7.89168074582
7177.12130001 4073.76294498 3643.34913799 175.961375558 2100.0 2100.0 7.90424711643
7182.38408515 4073.75441642 3643.37852038 176.110933732 2100.0 2100.0 7.91681348705
7187.6472063 4073.74589657 3643.40781738 176.260265091 2100.0 2100.0 7.92937985766
7192.91066255 4073.7373854 3643.43702937 176.409370133 2100.0 2100.0 7.94194622828
7198.174453 4073.7288829 3643.46615671 176.558249358 2100.0 2100.0 7.95451259889
7203.43857673 4073.72038907 3643.49519975 176.706903263 2100.0 2100.0 7.9670789695
7208.70303284 4073.71190388 3643.52415887 176.855332343 2100.0 2100.0 7.97964534012
7213.96782044 4073.70342733 3643.55303442 177.003537093 2100.0 2100.0 7.99221171073
7219.23293862 4073.6949594 3643.58182676 177.151518006 2100.0 2100.0 8.00477808135
7224.49838651 4073.68650008 3643.61053624 177.299275573 2100.0 2100.0 8.01734445196
7229.7641632 4073.67804935 3643.63916321 177.446810284 2100.0 2100.0 8.02991082258
7235.03026782 4073.6696072 3643.66770803 177.594122628 2100.0 2100.0 8.04247719319
7240.29669948 4073.66117363 3643.69617104 177.741213092 2100.0 2100.0 8.0550435638
7245.56345731 4073.6527486 3643.72455259 177.888082162 2100.0 2100.0 8.06760993442
6575.00804265 4126.10373251 3650.84216251 168.077120994 2200.0 2200.0 6.39628264271
6580.19737214 4126.09249331 3650.89308436 168.272631977 2200.0 2200.0 6.40884901332
6585.3872322 4126.08126627 3650.94383079 168.46782151 2200.0 2200.0 6.42141538394
6590.57762112 4126.07005138 3650.9944027 168.662690355 2200.0 2200.0 6.43398175455
6595.76853718 4126.05884862 3651.04480095 168.857239269 2200.0 2200.0 6.44654812517
6600.95997868 4126.04765797 3651.09502644 169.051469007 2200.0 2200.0 6.45911449578
6606.15194392 4126.03647941 3651.14508004 169.245380324 2200.0 2200.0 6.47168086639
6611.34443121 4126.02531293 3651.1949626 169.438973971 2200.0 2200.0 6.48424723701
6616.53743888 4126.01415849 3651.244675 169.632250696 2200.0 2200.0 6.49681360762
6621.73096525 4126.00301609 3651.29421808 169.825211245 2200.0 2200.0 6.50937997824
6626.92500867 4125.9918857 3651.3435927 170.017856365 2200.0 2200.0 6.52194634885
6632.11956747 4125.9807673 3651.3927997 170.210186796 2200.0 2200.0 6.53451271947
6637.31464001 4125.96966087 3651.44183991 170.402203278 2200.0 2200.0 6.54707909008
6642.51022465 4125.9585664 3651.49071418 170.59390655 2200.0 2200.0 6.5596454607
6647.70631976 4125.94748387 3651.53942332 170.785297347 2200.0 2200.0 6.57221183131
6652.90292371 4125.93641325 3651.58796816 170.976376401 2200.0 2200.0 6.58477820192
6658.1000349 4125.92535453 3651.63634952 171.167144446 2200.0 2200.0 6.59734457254
6663.2976517 4125.91430769 3651.6845682 171.357602208 2200.0 2200.0 6.60991094315
6668.49577253 4125.9032727 3651.73262502 171.547750415 2200.0 2200.0 6.62247731377
6673.69439579 4125.89224956 3651.78052076 171.737589792 2200.0 2200.0 6.63504368438
6678.8935199 4125.88123823 3651.82825624 171.927121061 2200.0 2200.0 6.647610055
6684.09314327 4125.87023871 3651.87583223 172.116344943 2200.0 2200.0 6.66017642561
6689.29326433 4125.85925097 3651.92324952 172.305262154 2200.0 2200.0 6.67274279622
6694.49388153 4125.84827499 3651.9705089 172.493873412 2200.0 2200.0 6.68530916684
6699.69499331 4125.83731076 3652.01761113 172.682179431 2200.0 2200.0 6.69787553745
6704.89659812 4125.82635826 3652.06455699 172.870180921 2200.0 2200.0 6.71044190807
6710.09869443 4125.81541746 3652.11134724 173.057878592 2200.0 2200.0 6.72300827868
6715.30128068 4125.80448835 3652.15798264 173.245273153 2200.0 2200.0 6.7355746493
6720.50435537 4125.79357092 3652.20446396 173.432365308 2200.0 2200.0 6.74814101991
6725.70791697 4125.78266513 3652.25079192 173.619155761 2200.0 2200.0 6.76070739053
6730.91196397 4125.77177098 3652.29696729 173.805645213 2200.0 2200.0 6.77327376114
6736.11649486 4125.76088844 3652.34299081 173.991834363 2200.0 2200.0 6.78584013175
6741.32150815 4125.7500175 3652.3888632 174.177723907 2200.0 2200.0 6.79840650237
6746.52700234 4125.73915813 3652.43458521 174.363314542 2200.0 2200.0 6.81097287298
6751.73297595 4125.72831032 3652.48015755 174.54860696 2200.0 2200.0 6.8235392436
6756.93942751 4125.71747406 3652.52558095 174.733601852 2200.0 2200.0 6.83610561421
6762.14635554 4125.70664931 3652.57085613 174.918299906 2200.0 2200.0 6.84867198483
6767.35375858 4125.69583607 3652.61598379 175.10270181 2200.0 2200.0 6.86123835544
6772.56163516 4125.68503432 3652.66096466 175.286808248 2200.0 2200.0 6.87380472605
6777.76998385 4125.67424403 3652.70579942 175.470619902 2200.0 2200.0 6.88637109667
6782.9788032 4125.66346519 3652.75048879 175.654137455 2200.0 2200.0 6.89893746728
6788.18809177 4125.65269778 3652.79503345 175.837361584 2200.0 2200.0 6.9115038379
6793.39784812 4125.64194179 3652.8394341 176.020292966 2200.0 2200.0 6.92407020851
6798.60807084 4125.63119719 3652.88369142 176.202932275 2200.0 2200.0 6.93663657913
6803.81875851 4125.62046397 3652.9278061 176.385280185 2200.0 2200.0 6.94920294974
6809.02990972 4125.6097421 3652.97177881 176.567337366 2200.0 2200.0 6.96176932035
6814.24152305 4125.59903158 3653.01561023 176.749104488 2200.0 2200.0 6.97433569097
6819.45359712 4125.58833238 3653.05930102 176.930582216 2200.0 2200.0 6.98690206158
6824.66613053 4125.57764448 3653.10285186 177.111771215 2200.0 2200.0 6.9994684322
6829.87912189 4125.56696787 3653.14626339 177.29267215 2200.0 2200.0 7.01203480281
6835.09256983 4125.55630253 3653.18953628 177.473285679 2200.0 2200.0 7.02460117343
6840.30647297 4125.54564844 3653.23267119 177.653612463 2200.0 2200.0 7.03716754404
6845.52082995 4125.53500558 3653.27566876 177.833653159 2200.0 2200.0 7.04973391466
6325.11824315 4179.71614396 3659.30186043 168.123467754 2300.0 2300.0 5.71769862953
6330.24642765 4179.70241933 3659.37417015 168.35369841 2300.0 2300.0 5.73026500015
6335.37531448 4179.68870994 3659.44621092 168.583537387 2300.0 2300.0 5.74283137076
6340.50490114 4179.67501579 3659.5179842 168.812985637 2300.0 2300.0 5.75539774138
6345.63518513 4179.66133683 3659.58949146 169.042044107 2300.0 2300.0 5.76796411199
6350.76616397 4179.64767304 3659.66073414 169.270713742 2300.0 2300.0 5.78053048261
6355.89783519 4179.6340244 3659.73171366 169.498995485 2300.0 2300.0 5.79309685322
6361.03019634 4179.62039089 3659.80243147 169.726890274 2300.0 2300.0 5.80566322383
6366.16324499 4179.60677247 3659.87288896 169.954399047 2300.0 2300.0 5.81822959445
6371.29697869 4179.59316913 3659.94308756 170.181522737 2300.0 2300.0 5.83079596506
6376.43139505 4179.57958083 3660.01302864 170.408262274 2300.0 2300.0 5.84336233568
6381.56649166 4179.56600756 3660.0827136 170.634618587 2300.0 2300.0 5.85592870629
6386.70226613 4179.55244928 3660.15214381 170.860592601 2300.0 2300.0 5.86849507691
6391.83871608 4179.53890598 3660.22132064 171.086185238 2300.0 2300.0 5.88106144752
6396.97583915 4179.52537763 3660.29024543 171.311397417 2300.0 2300.0 5.89362781813
6402.113633 4179.5118642 3660.35891955 171.536230055 2300.0 2300.0 5.90619418875
6407.25209528 4179.49836568 3660.42734433 171.760684065 2300.0 2300.0 5.91876055936
6412.39122367 4179.48488202 3660.49552109 171.98476036 2300.0 2300.0 5.93132692998
6417.53101586 4179.47141322 3660.56345115 172.208459847 2300.0 2300.0 5.94389330059
6422.67146954 4179.45795924 3660.63113582 172.431783432 2300.0 2300.0 5.95645967121
6427.81258243 4179.44452007 3660.6985764 172.654732017 2300.0 2300.0 5.96902604182
6432.95435225 4179.43109567 3660.76577419 172.877306503 2300.0 2300.0 5.98159241243
6438.09677673 4179.41768603 3660.83273046 173.099507786 2300.0 2300.0 5.99415878305
6443.23985362 4179.40429111 3660.89944649 173.321336763 2300.0 2300.0 6.00672515366
6448.38358068 4179.3909109 3660.96592354 173.542794323 2300.0 2300.0 6.01929152428
6453.52795568 4179.37754537 3661.03216287 173.763881357 2300.0 2300.0 6.03185789489
6458.67297641 4179.3641945 3661.09816573 173.984598751 2300.0 2300.0 6.04442426551
6463.81864064 4179.35085826 3661.16393335 174.204947389 2300.0 2300.0 6.05699063612
6468.9649462 4179.33753662 3661.22946697 174.424928152 2300.0 2300.0 6.06955700674
6474.1118909 4179.32422957 3661.2947678 174.644541918 2300.0 2300.0 6.08212337735
6479.25947256 4179.31093709 3661.35983707 174.863789564 2300.0 2300.0 6.09468974796
6484.40768902 4179.29765914 3661.42467596 175.082671962 2300.0 2300.0 6.10725611858
6489.55653814 4179.2843957 3661.4892857 175.301189983 2300.0 2300.0 6.11982248919
6494.70601776 4179.27114675 3661.55366745 175.519344494 2300.0 2300.0 6.13238885981
6499.85612577 4179.25791227 3661.6178224 175.737136362 2300.0 2300.0 6.14495523042
6505.00686005 4179.24469222 3661.68175173 175.954566448 2300.0 2300.0 6.15752160104
6510.15821849 4179.2314866 3661.7454566 176.171635614 2300.0 2300.0 6.17008797165
6515.31019899 4179.21829537 3661.80893816 176.388344715 2300.0 2300.0 6.18265434226
6520.46279947 4179.20511852 3661.87219757 176.604694608 2300.0 2300.0 6.19522071288
6525.61601785 4179.19195601 3661.93523596 176.820686145 2300.0 2300.0 6.20778708349
6530.76985207 4179.17880783 3661.99805448 177.036320175 2300.0 2300.0 6.22035345411
6535.92430008 4179.16567394 3662.06065424 177.251597545 2300.0 2300.0 6.23291982472
6541.07935983 4179.15255434 3662.12303636 177.466519101 2300.0 2300.0 6.24548619534
6546.23502928 4179.13944899 3662.18520196 177.681085684 2300.0 2300.0 6.25805256595
6551.39130642 4179.12635788 3662.24715214 177.895298134 2300.0 2300.0 6.27061893657
6137.5869147 4234.97815129 3667.04128341 168.240292708 2400.0 2400.0 5.17734469312
6142.64811835 4234.96171333 3667.13993709 168.505806533 2400.0 2400.0 5.18991106373
6147.7102248 4234.945294 3667.23820152 168.770857011 2400.0 2400.0 5.20247743434
6152.77323057 4234.92889328 3667.33607895 169.035445287 2400.0 2400.0 5.21504380496
6157.83713218 4234.91251112 3667.43357158 169.299572501 2400.0 2400.0 5.22761017557
6162.90192618 4234.89614751 3667.53068163 169.56323979 2400.0 2400.0 5.24017654619
6167.96760915 4234.8798024 3667.62741129 169.826448289 2400.0 2400.0 5.2527429168
6173.03417766 4234.86347577 3667.72376272 170.089199128 2400.0 2400.0 5.26530928742
6178.10162832 4234.84716758 3667.81973807 170.351493433 2400.0 2400.0 5.27787565803
6183.16995777 4234.83087781 3667.9153395 170.613332328 2400.0 2400.0 5.29044202865
6188.23916266 4234.81460642 3668.01056911 170.874716932 2400.0 2400.0 5.30300839926
6193.30923964 4234.79835338 3668.10542903 171.135648362 2400.0 2400.0 5.31557476987
6198.38018541 4234.78211866 3668.19992133 171.396127731 2400.0 2400.0 5.32814114049
6203.45199667 4234.76590224 3668.29404811 171.656156148 2400.0 2400.0 5.3407075111
6208.52467015 4234.74970407 3668.38781141 171.915734721 2400.0 2400.0 5.35327388172
6213.59820259 4234.73352413 3668.48121329 172.17486455 2400.0 2400.0 5.36584025233
6218.67259075 4234.71736239 3668.57425578 172.433546736 2400.0 2400.0 5.37840662295
6223.74783141 4234.70121881 3668.66694089 172.691782375 2400.0 2400.0 5.39097299356
6228.82392137 4234.68509338 3668.75927063 172.949572559 2400.0 2400.0 5.40353936417
6233.90085746 4234.66898605 3668.85124697 173.206918378 2400.0 2400.0 5.41610573479
6238.97863649 4234.65289679 3668.94287191 173.463820918 2400.0 2400.0 5.4286721054
6244.05725534 4234.63682558 3669.03414739 173.720281261 2400.0 2400.0 5.44123847602
6249.13671086 4234.62077239 3669.12507536 173.976300487 2400.0 2400.0 5.45380484663
6254.21699996 4234.60473718 3669.21565775 174.231879671 2400.0 2400.0 5.46637121725
6259.29811953 4234.58871992 3669.30589647 174.487019886 2400.0 2400.0 5.47893758786
6264.38006649 4234.5727206 3669.39579343 174.741722203 2400.0 2400.0 5.49150395847
6269.4628378 4234.55673916 3669.48535052 174.995987687 2400.0 2400.0 5.50407032909
6274.5464304 4234.5407756 3669.57456961 175.2498174 2400.0 2400.0 5.5166366997
6279.63084128 4234.52482986 3669.66345256 175.503212404 2400.0 2400.0 5.52920307032
6284.71606742 4234.50890194 3669.75200123 175.756173753 2400.0 2400.0 5.54176944093
6289.80210584 4234.49299178 3669.84021744 176.008702502 2400.0 2400.0 5.55433581155
6294.88895356 4234.47709938 3669.92810302 176.260799701 2400.0 2400.0 5.56690218216
6299.97660762 4234.46122469 3670.01565978 176.512466396 2400.0 2400.0 5.57946855278
6305.06506508 4234.44536769 3670.10288951 176.763703631 2400.0 2400.0 5.59203492339
6310.15432301 4234.42952835 3670.189794 177.014512447 2400.0 2400.0 5.604601294
6315.24437851 4234.41370663 3670.27637502 177.264893881 2400.0 2400.0 5.61716766462
6320.33522869 4234.39790252 3670.36263433 177.514848967 2400.0 2400.0 5.62973403523
6325.42687066 4234.38211597 3670.44857366 177.764378736 2400.0 2400.0 5.64230040585
5991.07569811 4291.84735982 3673.86389048 168.10114414 2500.0 2500.0 4.724955351
5996.06313636 4291.82796194 3673.99445327 168.4028021 2500.0 2500.0 4.73752172161
6001.05170976 4291.8085864 3674.12447696 168.703923302 2500.0 2500.0 4.75008809223
6006.04141364 4291.78923317 3674.25396477 169.004509085 2500.0 2500.0 4.76265446284
6011.03224332 4291.76990221 3674.38291988 169.304560785 2500.0 2500.0 4.77522083346
6016.02419418 4291.75059348 3674.51134547 169.604079733 2500.0 2500.0 4.78778720407
6021.0172616 4291.73130694 3674.63924468 169.903067257 2500.0 2500.0 4.80035357469
6026.01144102 4291.71204256 3674.76662064 170.20152468 2500.0 2500.0 4.8129199453
6031.00672789 4291.69280029 3674.89347642 170.49945332 2500.0 2500.0 4.82548631591
6036.00311768 4291.67358011 3675.01981512 170.796854494 2500.0 2500.0 4.83805268653
6041.00060591 4291.65438196 3675.14563978 171.093729513 2500.0 2500.0 4.85061905714
6045.99918811 4291.63520582 3675.27095342 171.390079683 2500.0 2500.0 4.86318542776
6050.99885985 4291.61605164 3675.39575905 171.685906307 2500.0 2500.0 4.87575179837
6055.99961671 4291.59691939 3675.52005965 171.981210685 2500.0 2500.0 4.88831816899
6061.00145432 4291.57780904 3675.64385817 172.275994111 2500.0 2500.0 4.9008845396
6066.00436832 4291.55872053 3675.76715755 172.570257877 2500.0 2500.0 4.91345091021
6071.00835438 4291.53965384 3675.88996071 172.86400327 2500.0 2500.0 4.92601728083
6076.01340819 4291.52060893 3676.01227054 173.157231573 2500.0 2500.0 4.93858365144
6081.01952549 4291.50158577 3676.1340899 173.449944065 2500.0 2500.0 4.95115002206
6086.02670201 4291.4825843 3676.25542164 173.742142022 2500.0 2500.0 4.96371639267
6091.03493354 4291.46360451 3676.3762686 174.033826715 2500.0 2500.0 4.97628276329
6096.04421587 4291.44464634 3676.49663357 174.324999412 2500.0 2500.0 4.9888491339
6101.05454483 4291.42570977 3676.61651934 174.615661376 2500.0 2500.0 5.00141550451
6106.06591627 4291.40679475 3676.73592867 174.905813867 2500.0 2500.0 5.01398187513
6111.07832607 4291.38790126 3676.85486432 175.195458141 2500.0 2500.0 5.02654824574
6116.09177012 4291.36902925 3676.97332899 175.48459545 2500.0 2500.0 5.03911461636
6121.10624435 4291.35017869 3677.0913254 175.773227043 2500.0 2500.0 5.05168098697
6126.12174471 4291.33134953 3677.20885623 176.061354164 2500.0 2500.0 5.06424735759
6131.13826717 4291.31254176 3677.32592413 176.348978054 2500.0 2500.0 5.0768137282
6136.15580772 4291.29375532 3677.44253176 176.636099949 2500.0 2500.0 5.08938009882
6141.17436239 4291.27499018 3677.55868174 176.922721083 2500.0 2500.0 5.10194646943
6146.19392722 4291.25624631 3677.67437666 177.208842685 2500.0 2500.0 5.11451284004
6151.21449828 4291.23752367 3677.78961912 177.494465981 2500.0 2500.0 5.12707921066
6156.23607165 4291.21882223 3677.90441168 177.779592192 2500.0 2500.0 5.13964558127
5884.71401391 4350.22735477 3679.9547273 168.256295415 2600.0 2600.0 4.36053060318
5889.6233069 4350.20479619 3680.12168962 168.593754809 2600.0 2600.0 4.3730969738
5894.53398744 4350.1822639 3680.28794161 168.930605631 2600.0 2600.0 4.38566334441
5899.4460495 4350.15975788 3680.45348761 169.26684941 2600.0 2600.0 4.39822971503
5904.35948713 4350.13727807 3680.61833189 169.602487664 2600.0 2600.0 4.41079608564
5909.27429438 4350.11482442 3680.78247873 169.937521911 2600.0 2600.0 4.42336245625
5914.19046536 4350.09239689 3680.94593234 170.271953661 2600.0 2600.0 4.43592882687
5919.10799422 4350.06999543 3681.10869694 170.605784423 2600.0 2600.0 4.44849519748
5924.02687514 4350.04762001 3681.27077668 170.939015698 2600.0 2600.0 4.4610615681
5928.94710233 4350.02527057 3681.43217568 171.271648984 2600.0 2600.0 4.47362793871
5933.86867004 4350.00294707 3681.59289806 171.603685775 2600.0 2600.0 4.48619430933
5938.79157258 4349.98064946 3681.75294787 171.935127558 2600.0 2600.0 4.49876067994
5943.71580425 4349.95837771 3681.91232915 172.265975819 2600.0 2600.0 4.51132705055
5948.64135944 4349.93613176 3682.07104592 172.596232037 2600.0 2600.0 4.52389342117
5953.56823252 4349.91391157 3682.22910214 172.925897686 2600.0 2600.0 4.53645979178
5958.49641795 4349.89171709 3682.38650175 173.254974238 2600.0 2600.0 4.5490261624
5963.42591019 4349.86954829 3682.54324868 173.583463158 2600.0 2600.0 4.56159253301
5968.35670373 4349.84740511 3682.69934681 173.911365908 2600.0 2600.0 4.57415890363
5973.28879313 4349.82528752 3682.85479999 174.238683946 2600.0 2600.0 4.58672527424
5978.22217295 4349.80319546 3683.00961205 174.565418724 2600.0 2600.0 4.59929164486
5983.15683779 4349.7811289 3683.16378678 174.891571691 2600.0 2600.0 4.61185801547
5988.0927823 4349.7590878 3683.31732796 175.21714429 2600.0 2600.0 4.62442438608
5993.03000115 4349.73707209 3683.47023932 175.542137961 2600.0 2600.0 4.6369907567
5997.96848904 4349.71508176 3683.62252458 175.86655414 2600.0 2600.0 4.64955712731
6002.90824072 4349.69311674 3683.77418741 176.190394257 2600.0 2600.0 4.66212349793
6007.84925095 4349.671177 3683.92523148 176.513659738 2600.0 2600.0 4.67468986854
6012.79151455 4349.64926249 3684.07566041 176.836352006 2600.0 2600.0 4.68725623916
6017.73502633 4349.62737317 3684.22547781 177.158472479 2600.0 2600.0 4.69982260977
6022.67978118 4349.60550899 3684.37468724 177.48002257 2600.0 2600.0 4.71238898038
6027.62577398 4349.58366992 3684.52329226 177.801003689 2600.0 2600.0 4.724955351
5802.87762295 4410.09106291 3685.07341656 168.19815624 2700.0 2700.0 4.04637133782
5807.70305312 4410.06511177 3685.2818141 168.571785395 2700.0 2700.0 4.05893770844
5812.53014537 4410.03919118 3685.48930825 168.944734264 2700.0 2700.0 4.07150407905
5817.35889227 4410.01330109 3685.69590455 169.317004551 2700.0 2700.0 4.08407044967
5822.18928643 4409.98744144 3685.90160852 169.688597958 2700.0 2700.0 4.09663682028
5827.02132052 4409.96161217 3686.10642561 170.059516178 2700.0 2700.0 4.1092031909
5831.85498725 4409.93581325 3686.31036124 170.429760903 2700.0 2700.0 4.12176956151
5836.69027938 4409.91004461 3686.51342079 170.799333816 2700.0 2700.0 4.13433593212
5841.52718972 4409.8843062 3686.71560959 171.168236599 2700.0 2700.0 4.14690230274
5846.36571112 4409.85859796 3686.91693293 171.536470926 2700.0 2700.0 4.15946867335
5851.20583648 4409.83291985 3687.11739608 171.904038466 2700.0 2700.0 4.17203504397
5856.04755874 4409.80727181 3687.31700424 172.270940885 2700.0 2700.0 4.18460141458
5860.8908709 4409.78165379 3687.51576259 172.637179842 2700.0 2700.0 4.1971677852
5865.73576598 4409.75606574 3687.71367626 173.002756992 2700.0 2700.0 4.20973415581
5870.58223708 4409.7305076 3687.91075035 173.367673985 2700.0 2700.0 4.22230052642
5875.43027731 4409.70497933 3688.10698992 173.731932466 2700.0 2700.0 4.23486689704
5880.27987984 4409.67948086 3688.30239998 174.095534074 2700.0 2700.0 4.24743326765
5885.13103788 4409.65401215 3688.49698551 174.458480444 2700.0 2700.0 4.25999963827
5889.98374469 4409.62857315 3688.69075146 174.820773207 2700.0 2700.0 4.27256600888
5894.83799357 4409.60316381 3688.88370274 175.182413987 2700.0 2700.0 4.2851323795
5899.69377785 4409.57778407 3689.07584421 175.543404405 2700.0 2700.0 4.29769875011
5904.55109092 4409.55243388 3689.26718069 175.903746077 2700.0 2700.0 4.31026512073
5744.9515242 4471.35785734 3689.39935316 168.258122161 2800.0 2800.0 3.78247755492
5909.4099262 4409.52711319 3689.457717 176.263440611 2700.0 2700.0 4.32283149134
5914.27027715 4409.50182195 3689.64745788 176.622489616 2700.0 2700.0 4.33539786195
5749.68954318 4471.3283157 3689.65289922 168.667528995 2800.0 2800.0 3.79504392554
5919.13213729 4409.47656011 3689.83640806 176.98089469 2700.0 2700.0 4.34796423257
5754.42950717 4471.29880909 3689.90533845 169.07618602 2800.0 2800.0 3.80761029615
5923.99550016 4409.45132762 3690.02457224 177.338657431 2700.0 2700.0 4.36053060318
5759.17140734 4471.26933743 3690.1566776 169.484095106 2800.0 2800.0 3.82017666677
5928.86035935 4409.42612442 3690.21195505 177.69577943 2700.0 2700.0 4.3730969738
5763.91523491 4471.23990068 3690.40692338 169.891258122 2800.0 2800.0 3.83274303738
5768.66098116 4471.21049877 3690.65608244 170.297676928 2800.0 2800.0 3.84530940799
5773.40863745 4471.18113163 3690.90416137 170.703353381 2800.0 2800.0 3.85787577861
5778.15819515 4471.1517992 3691.15116674 171.10828933 2800.0 2800.0 3.87044214922
5782.90964572 4471.12250144 3691.39710504 171.512486622 2800.0 2800.0 3.88300851984
5787.66298068 4471.09323826 3691.64198273 171.915947095 2800.0 2800.0 3.89557489045
5792.41819156 4471.06400962 3691.88580622 172.318672583 2800.0 2800.0 3.90814126107
5797.17527 4471.03481544 3692.12858185 172.720664915 2800.0 2800.0 3.92070763168
5801.93420765 4471.00565568 3692.37031595 173.121925914 2800.0 2800.0 3.93327400229
5806.69499624 4470.97653027 3692.61101478 173.522457398 2800.0 2800.0 3.94584037291
5811.45762754 4470.94743915 3692.85068455 173.922261179 2800.0 2800.0 3.95840674352
5705.51871685 4533.97659675 3692.93100492 168.349477748 2900.0 2900.0 3.55628288386
5816.22209338 4470.91838226 3693.08933143 174.321339064 2800.0 2800.0 3.97097311414
5710.16636959 4533.94326907 3693.2328005 168.794290588 2900.0 2900.0 3.56884925448
5820.98838562 4470.88935955 3693.32696154 174.719692855 2800.0 2800.0 3.98353948475
5714.81625135 4533.9099811 3693.53328263 169.23828636 2900.0 2900.0 3.58141562509
5825.75649621 4470.86037094 3693.56358098 175.117324348 2800.0 2800.0 3.99610585537
5830.52641712 4470.83141638 3693.79919576 175.514235335 2800.0 2800.0 4.00867222598
5719.46835203 4533.87673278 3693.83245918 169.681467089 2900.0 2900.0 3.59398199571
5835.29814038 4470.80249581 3694.03381188 175.910427601 2800.0 2800.0 4.02123859659
5724.12266155 4533.84352403 3694.13033795 170.123834796 2900.0 2900.0 3.60654836632
5840.07165807 4470.77360918 3694.26743528 176.305902926 2800.0 2800.0 4.03380496721
5728.77916992 4533.81035478 3694.42692672 170.565391496 2900.0 2900.0 3.61911473694
5844.84696232 4470.74475641 3694.50007187 176.700663086 2800.0 2800.0 4.04637133782
5733.43786721 4533.77722496 3694.72223317 171.006139197 2900.0 2900.0 3.63168110755
5849.62404531 4470.71593746 3694.7317275 177.094709851 2800.0 2800.0 4.05893770844
5854.40289928 4470.68715227 3694.96240798 177.488044986 2800.0 2800.0 4.07150407905
5738.09874352 4533.74413451 3695.01626495 171.446079902 2900.0 2900.0 3.64424747816
5859.18351649 4470.65840077 3695.19211909 177.880670249 2800.0 2800.0 4.08407044967
5742.76178907 4533.71108334 3695.30902965 171.885215607 2900.0 2900.0 3.65681384878
5679.40394341 4597.90854523 3695.57133235 168.261221895 3000.0 3000.0 3.35522095403
5747.42699409 4533.67807141 3695.60053481 172.323548305 2900.0 2900.0 3.66938021939
5752.0943489 4533.64509862 3695.8907879 172.761079979 2900.0 2900.0 3.68194659001
5683.95817632 4597.87122615 3695.92427186 168.741344997 3000.0 3000.0 3.36778732465
5756.76384386 4533.61216492 3696.17979636 173.19781261 2900.0 2900.0 3.69451296062
5688.51491961 4597.8339517 3696.27569255 169.220585429 3000.0 3000.0 3.38035369526
5761.43546941 4533.57927024 3696.46756754 173.633748172 2900.0 2900.0 3.70707933124
5693.07416202 4597.79672181 3696.62560327 169.69894536 3000.0 3000.0 3.39292006588
5766.10921604 4533.54641451 3696.75410878 174.068888633 2900.0 2900.0 3.71964570185
5697.63589234 4597.75953639 3696.97401279 170.176426952 3000.0 3000.0 3.40548643649
5770.78507429 4533.51359765 3697.03942734 174.503235955 2900.0 2900.0 3.73221207246
5702.20009946 4597.72239536 3697.32092985 170.653032359 3000.0 3000.0 3.41805280711
5775.46303478 4533.4808196 3697.32353043 174.936792096 2900.0 2900.0 3.74477844308
5666.17733955 4663.08803246 3697.49565637 168.169566035 3100.0 3100.0 3.17929176543
5780.14308817 4533.4480803 3697.60642521 175.369559005 2900.0 2900.0 3.75734481369
5706.76677229 4597.68529865 3697.66636311 171.128763732 3000.0 3000.0 3.43061917772
5784.82522519 4533.41537967 3697.88811881 175.80153863 2900.0 2900.0 3.76991118431
5670.63694281 4663.04654163 3697.90126307 168.684487001 3100.0 3100.0 3.19185813605
5711.33589985 4597.64824618 3698.01032116 171.603623214 3000.0 3000.0 3.44318554833
5789.50943661 4533.38271765 3698.16861827 176.232732909 2900.0 2900.0 3.78247755492
5675.09932327 4663.00510054 3698.30515749 169.198462418 3100.0 3100.0 3.20442450666
5715.9074712 4597.61123787 3698.35281256 172.077612943 3000.0 3000.0 3.45575191895
5794.19571328 4533.35009416 3698.44793061 176.663143776 2900.0 2900.0 3.79504392554
5720.48147548 4597.57427364 3698.69384578 172.550735051 3000.0 3000.0 3.46831828956
5679.56446877 4662.9637091 3698.70734922 169.711494583 3100.0 3100.0 3.21699087728
5798.88404609 4533.31750914 3698.72606278 177.092773162 2900.0 2900.0 3.80761029615
5665.34577977 4729.44857529 3698.93214832 168.259133992 3200.0 3200.0 3.02849531806
5803.57442599 4533.28496253 3699.0030217 177.521622987 2900.0 2900.0 3.82017666677
5725.05790188 4597.53735341 3699.03342927 173.022991663 3000.0 3000.0 3.48088466018
5684.03236721 4662.92236721 3699.10784779 170.223585784 3100.0 3100.0 3.22955724789
5808.26684398 4533.25245425 3699.27881423 177.949695171 2900.0 2900.0 3.83274303738
5729.63673967 4597.50047711 3699.37157138 173.494384898 3000.0 3000.0 3.49345103079
5669.71151366 4729.40276118 3699.3904512 168.807925783 3200.0 3200.0 3.04106168867
5688.50300656 4662.88107479 3699.50666267 170.734738303 3100.0 3100.0 3.2421236185
5672.10195537 4796.97340042 3699.63502493 168.135894594 3300.0 3300.0 2.8902652413
5734.21797818 4597.46364466 3699.70828043 173.96491687 3000.0 3000.0 3.50601740141
5674.08026615 4729.35700203 3699.84686998 169.355712858 3200.0 3200.0 3.05362805929
5692.97637487 4662.83983175 3699.90380327 171.244954419 3100.0 3100.0 3.25468998912
5711.30272241 4935.24209717 3700.00761694 168.267651761 3500.0 3500.0 2.66407057024
5738.80160678 4597.42685597 3700.04356467 174.434589687 3000.0 3000.0 3.51858377202
5676.37327558 4796.92308311 3700.14662077 168.718291509 3300.0 3300.0 2.90283161192
5697.45246023 4662.79863801 3700.29927894 171.754236399 3100.0 3100.0 3.26725635973
5678.4520245 4729.31129774 3700.30141474 169.902497621 3200.0 3200.0 3.0661944299
5690.3385039 4865.55388812 3700.30224188 168.506812771 3400.0 3400.0 2.77716790577
5743.38761495 4597.39011098 3700.37743231 174.903405451 3000.0 3000.0 3.53115014263
5715.39194435 4935.18237997 3700.62157365 168.914423462 3500.0 3500.0 2.67663694086
5680.64783493 4796.87282617 3700.65617963 169.299626615 3300.0 3300.0 2.91539798253
5701.93125083 4662.75749347 3700.69309897 172.262586509 3100.0 3100.0 3.27982273035
5747.97599219 4597.3534096 3700.70989149 175.371366256 3000.0 3000.0 3.54371651325
5682.82677599 4729.26564823 3700.75409547 170.448282473 3200.0 3200.0 3.07876080052
5694.51950892 4865.49897187 3700.86460768 169.121213243 3400.0 3400.0 2.78973427639
5752.56672809 4597.31675176 3701.0409503 175.838474192 3000.0 3000.0 3.55628288386
5706.41273491 4662.71639805 3701.08527258 172.770007006 3100.0 3100.0 3.29238910096
5684.92562031 4796.82262948 3701.16371181 169.879902415 3300.0 3300.0 2.92796435315
5687.204508 4729.22005338 3701.2049221 170.993069805 3200.0 3200.0 3.09132717113
5719.48475112 4935.12273421 3701.23327189 169.560029954 3500.0 3500.0 2.68920331147
5757.15981229 4597.28013739 3701.37061677 176.304731345 3000.0 3000.0 3.56884925448
5698.70393417 4865.44412141 3701.42481763 169.734499966 3400.0 3400.0 2.802300647
5710.89690076 4662.67535167 3701.47580895 173.276500141 3100.0 3100.0 3.30495547158
5691.58520795 4729.1745131 3701.65390453 171.536862004 3200.0 3200.0 3.10389354175
5689.20661869 4796.77249295 3701.66922752 170.459121407 3300.0 3300.0 2.94053072376
5761.75523448 4597.24356639 3701.69889887 176.770139791 3000.0 3000.0 3.58141562509
5723.58112973 4935.06315975 3701.84272163 170.204473892 3500.0 3500.0 2.70176968209
5715.38373677 4662.63435422 3701.86471719 173.78206816 3100.0 3100.0 3.31752184219
5702.89176652 4865.38933663 3701.9828819 170.346675524 3400.0 3400.0 2.81486701762
5766.35298443 4597.20703871 3702.02580453 177.234701602 3000.0 3000.0 3.59398199571
5695.96886336 4729.1290273 3702.10105257 172.07966145 3200.0 3200.0 3.11645991236
5693.49081707 4796.72241645 3702.17273694 171.03728608 3300.0 3300.0 2.95309709437
5719.87323136 4662.59340564 3702.25200634 174.286713303 3100.0 3100.0 3.33008821281
5770.95305197 4597.17055426 3702.35134162 177.698418846 3000.0 3000.0 3.60654836632
5727.68106726 4935.00365647 3702.44993277 170.847757921 3500.0 3500.0 2.7143360527
5707.08299289 4865.33461741 3702.53881068 170.957742493 3400.0 3400.0 2.82743338823
5700.35546177 4729.08359587 3702.546376 172.621470517 3200.0 3200.0 3.12902628298
5724.36537305 4662.55250582 3702.63768541 174.790437801 3100.0 3100.0 3.34265458342
5697.77820252 4796.6723999 3702.67425019 171.61439892 3300.0 3300.0 2.96566346499
5704.74499081 4729.03821873 3702.98988451 173.162291572 3200.0 3200.0 3.14159265359
5728.8601504 4662.5116547 3703.02176334 175.293243883 3100.0 3100.0 3.35522095403
5731.78455082 4934.94422424 3703.0549152 171.489884684 3500.0 3500.0 2.72690242332
5711.27760025 4865.27996363 3703.09261406 171.56770344 3400.0 3400.0 2.83999975885
5702.0687622 4796.62244318 3703.17377732 172.190462404 3300.0 3300.0 2.9782298356
5733.35755204 4662.47085217 3703.40424899 175.795133769 3100.0 3100.0 3.36778732465
5709.13743819 4728.99289578 3703.43158777 173.702126976 3200.0 3200.0 3.1541590242
5715.47557564 4865.22537517 3703.64430211 172.17656093 3400.0 3400.0 2.85256612946
5735.89156757 4934.88486293 3703.65767874 172.130856815 3500.0 3500.0 2.73946879393
5706.36248329 4796.57254618 3703.67132836 172.765479004 3300.0 3300.0 2.99079620622
5737.85756666 4662.43009815 3703.7851512 176.296109673 3100.0 3100.0 3.38035369526
5713.53279165 4728.94762691 3703.87149537 174.240979083 3200.0 3200.0 3.16672539482
5742.36018304 4662.38939256 3704.16447873 176.796173804 3100.0 3100.0 3.39292006588
5710.65935306 4796.5227088 3704.16691325 173.339451186 3300.0 3300.0 3.00336257683
5719.67690615 4865.17085193 3704.19388484 172.78431752 3400.0 3400.0 2.86513250007
5740.00210473 4934.82557243 3704.25823321 172.770676943 3500.0 3500.0 2.75203516454
5717.93103902 4728.90241204 3704.30961684 174.778850244 3200.0 3200.0 3.17929176543
5746.86538998 4662.34873531 3704.54224029 177.295328366 3100.0 3100.0 3.40548643649
5714.95935882 4796.47293094 3704.6605419 173.912381407 3300.0 3300.0 3.01592894745
5723.8815789 4865.11639378 3704.74137223 173.390975759 3400.0 3400.0 2.87769887069
5722.33216818 4728.85725107 3704.74596166 175.315742798 3200.0 3200.0 3.19185813605
5744.11614955 4934.76635259 3704.85658834 173.40934769 3500.0 3500.0 2.76460153516
5751.37317637 4662.30812632 3704.91844454 177.793575553 3100.0 3100.0 3.41805280711
5719.26248796 4796.42321249 3705.15222416 174.484272121 3300.0 3300.0 3.02849531806
5726.73616708 4728.8121439 3705.18053927 175.851659084 3200.0 3200.0 3.20442450666
5728.08958111 4865.06200062 3705.28677418 173.996538192 3400.0 3400.0 2.8902652413
5748.23368934 4934.70720332 3705.45275386 174.046871672 3500.0 3500.0 2.77716790577
5731.14302372 4728.76709044 3705.61335903 176.386601431 3200.0 3200.0 3.21699087728
5723.56872791 4796.37355333 3705.64196983 175.055125773 3300.0 3300.0 3.04106168867
5732.3009 4865.00767232 3705.83010058 174.601007356 3400.0 3400.0 2.90283161192
5735.55272618 4728.72209059 3706.04443026 176.920572162 3200.0 3200.0 3.22955724789
5752.35471144 4934.64812446 3706.04673945 174.6832515 3500.0 3500.0 2.78973427639
5727.87806617 4796.32395338 3706.12978865 175.624944805 3300.0 3300.0 3.05362805929
5736.5155229 4864.95340877 3706.37136125 175.204385784 3400.0 3400.0 2.91539798253
5739.9652626 4728.67714426 3706.47376221 177.453573594 3200.0 3200.0 3.2421236185
5732.1904903 4796.27441252 3706.61569032 176.19373165 3300.0 3300.0 3.0661944299
5756.47920327 4934.58911591 3706.63855474 175.318489777 3500.0 3500.0 2.802300647
5744.38062118 4728.63225136 3706.90136409 177.98560804 3200.0 3200.0 3.25468998912
5740.73343715 4864.89920986 3706.91056598 175.806676 3400.0 3400.0 2.92796435315
5736.50598793 4796.22493065 3707.09968448 176.761488735 3300.0 3300.0 3.07876080052
5760.60715226 4934.53017754 3707.22820934 175.9525891 3500.0 3500.0 2.81486701762
5744.95463018 4864.84507547 3707.44772449 176.407880525 3400.0 3400.0 2.94053072376
5740.82454672 4796.17550766 3707.58178072 177.328218481 3300.0 3300.0 3.09132717113
5764.73854591 4934.47130922 3707.81571279 176.585552062 3500.0 3500.0 2.82743338823
5749.17908943 4864.79100549 3707.98284648 177.008001869 3400.0 3400.0 2.95309709437
5745.14615442 4796.12614346 3708.06198858 177.893923305 3300.0 3300.0 3.10389354175
5768.87337175 4934.41251084 3708.40107461 177.217381246 3500.0 3500.0 2.83999975885
5753.40680243 4864.7369998 3708.51594157 177.607042541 3400.0 3400.0 2.96566346499
5773.01161738 4934.35378226 3708.98430429 177.848079234 3500.0 3500.0 2.85256612946
