8441.29229027 4511.61799314 4129.15417812 168.087259273 2100.0 2100.0 11.1463707349
8445.94946889 4511.61343932 4129.16768751 168.183590198 2100.0 2100.0 11.1589371056
8450.6067958 4511.60888898 4129.1811682 168.279812178 2100.0 2100.0 11.1715034762
8455.26427069 4511.60434214 4129.19462027 168.375925396 2100.0 2100.0 11.1840698468
8459.9218933 4511.59979878 4129.20804382 168.471930031 2100.0 2100.0 11.1966362174
8464.57966332 4511.5952589 4129.22143893 168.567826262 2100.0 2100.0 11.209202588
8469.23758048 4511.5907225 4129.23480569 168.66361427 2100.0 2100.0 11.2217689586
8473.8956445 4511.58618957 4129.24814419 168.759294233 2100.0 2100.0 11.2343353292
8478.55385508 4511.58166011 4129.26145453 168.854866331 2100.0 2100.0 11.2469016999
8483.21221195 4511.57713412 4129.27473678 168.950330741 2100.0 2100.0 11.2594680705
8487.87071483 4511.57261159 4129.28799104 169.045687641 2100.0 2100.0 11.2720344411
8492.52936344 4511.56809251 4129.3012174 169.140937209 2100.0 2100.0 11.2846008117
8497.18815749 4511.56357689 4129.31441594 169.236079622 2100.0 2100.0 11.2971671823
8501.84709671 4511.55906471 4129.32758674 169.331115057 2100.0 2100.0 11.3097335529
8506.50618081 4511.55455598 4129.3407299 169.42604369 2100.0 2100.0 11.3222999235
8511.16540953 4511.5500507 4129.35384551 169.520865697 2100.0 2100.0 11.3348662942
8515.82478259 4511.54554885 4129.36693364 169.615581255 2100.0 2100.0 11.3474326648
8520.4842997 4511.54105043 4129.37999438 169.710190537 2100.0 2100.0 11.3599990354
8525.1439606 4511.53655544 4129.39302782 169.804693719 2100.0 2100.0 11.372565406
8529.80376501 4511.53206388 4129.40603404 169.899090976 2100.0 2100.0 11.3851317766
8534.46371266 4511.52757574 4129.41901312 169.993382482 2100.0 2100.0 11.3976981472
8539.12380326 4511.52309102 4129.43196516 170.08756841 2100.0 2100.0 11.4102645178
8543.78403656 4511.51860971 4129.44489023 170.181648934 2100.0 2100.0 11.4228308885
8548.44441228 4511.51413181 4129.45778842 170.275624227 2100.0 2100.0 11.4353972591
8553.10493015 4511.50965732 4129.47065981 170.369494461 2100.0 2100.0 11.4479636297
8557.7655899 4511.50518623 4129.48350448 170.46325981 2100.0 2100.0 11.4605300003
8562.42639126 4511.50071854 4129.49632252 170.556920443 2100.0 2100.0 11.4730963709
8567.08733396 4511.49625424 4129.509114 170.650476535 2100.0 2100.0 11.4856627415
8571.74841773 4511.49179334 4129.52187902 170.743928254 2100.0 2100.0 11.4982291121
8576.40964231 4511.48733582 4129.53461764 170.837275773 2100.0 2100.0 11.5107954828
8581.07100743 4511.48288168 4129.54732995 170.930519262 2100.0 2100.0 11.5233618534
8585.73251282 4511.47843092 4129.56001604 171.02365889 2100.0 2100.0 11.535928224
8590.39415823 4511.47398354 4129.57267597 171.116694828 2100.0 2100.0 11.5484945946
8595.05594338 4511.46953953 4129.58530984 171.209627245 2100.0 2100.0 11.5610609652
8599.71786802 4511.46509888 4129.59791772 171.30245631 2100.0 2100.0 11.5736273358
8604.37993187 4511.4606616 4129.61049969 171.395182192 2100.0 2100.0 11.5861937064
8609.04213469 4511.45622768 4129.62305584 171.487805058 2100.0 2100.0 11.5987600771
8613.70447619 4511.45179712 4129.63558623 171.580325077 2100.0 2100.0 11.6113264477
8618.36695614 4511.44736991 4129.64809094 171.672742417 2100.0 2100.0 11.6238928183
8623.02957426 4511.44294604 4129.66057006 171.765057244 2100.0 2100.0 11.6364591889
8627.6923303 4511.43852553 4129.67302367 171.857269725 2100.0 2100.0 11.6490255595
8632.355224 4511.43410835 4129.68545183 171.949380028 2100.0 2100.0 11.6615919301
8637.0182551 4511.42969451 4129.69785463 172.041388317 2100.0 2100.0 11.6741583007
8641.68142334 4511.425284 4129.71023215 172.13329476 2100.0 2100.0 11.6867246714
8646.34472848 4511.42087682 4129.72258445 172.225099521 2100.0 2100.0 11.699291042
8651.00817024 4511.41647297 4129.73491162 172.316802765 2100.0 2100.0 11.7118574126
8655.67174838 4511.41207244 4129.74721374 172.408404658 2100.0 2100.0 11.7244237832
8660.33546264 4511.40767523 4129.75949087 172.499905363 2100.0 2100.0 11.7369901538
8664.99931277 4511.40328133 4129.7717431 172.591305045 2100.0 2100.0 11.7495565244
8669.66329852 4511.39889075 4129.78397049 172.682603867 2100.0 2100.0 11.762122895
8674.32741963 4511.39450347 4129.79617313 172.773801993 2100.0 2100.0 11.7746892657
8678.99167585 4511.39011949 4129.80835109 172.864899586 2100.0 2100.0 11.7872556363
8683.65606693 4511.38573882 4129.82050443 172.955896808 2100.0 2100.0 11.7998220069
8688.32059263 4511.38136144 4129.83263325 173.046793823 2100.0 2100.0 11.8123883775
8692.98525268 4511.37698735 4129.8447376 173.137590791 2100.0 2100.0 11.8249547481
8697.65004684 4511.37261655 4129.85681756 173.228287874 2100.0 2100.0 11.8375211187
8702.31497487 4511.36824904 4129.86887321 173.318885234 2100.0 2100.0 11.8500874893
8706.98003652 4511.3638848 4129.88090462 173.409383032 2100.0 2100.0 11.86265386
8711.64523153 4511.35952385 4129.89291185 173.499781428 2100.0 2100.0 11.8752202306
8716.31055967 4511.35516617 4129.90489499 173.590080583 2100.0 2100.0 11.8877866012
8720.97602068 4511.35081175 4129.9168541 173.680280656 2100.0 2100.0 11.9003529718
8725.64161433 4511.34646061 4129.92878926 173.770381808 2100.0 2100.0 11.9129193424
8730.30734036 4511.34211272 4129.94070053 173.860384197 2100.0 2100.0 11.925485713
8734.97319853 4511.3377681 4129.95258799 173.950287983 2100.0 2100.0 11.9380520836
8739.63918861 4511.33342673 4129.96445171 174.040093323 2100.0 2100.0 11.9506184543
8744.30531034 4511.32908861 4129.97629176 174.129800377 2100.0 2100.0 11.9631848249
8748.97156349 4511.32475374 4129.9881082 174.219409302 2100.0 2100.0 11.9757511955
8753.63794782 4511.32042212 4129.99990112 174.308920256 2100.0 2100.0 11.9883175661
8758.30446307 4511.31609374 4130.01167057 174.398333397 2100.0 2100.0 12.0008839367
8762.97110902 4511.31176859 4130.02341663 174.48764888 2100.0 2100.0 12.0134503073
8767.63788543 4511.30744667 4130.03513936 174.576866864 2100.0 2100.0 12.0260166779
8772.30479205 4511.30312799 4130.04683884 174.665987503 2100.0 2100.0 12.0385830486
8776.97182865 4511.29881253 4130.05851514 174.755010954 2100.0 2100.0 12.0511494192
8781.63899499 4511.2945003 4130.07016831 174.843937374 2100.0 2100.0 12.0637157898
8786.30629084 4511.29019128 4130.08179843 174.932766916 2100.0 2100.0 12.0762821604
8790.97371595 4511.28588548 4130.09340558 175.021499736 2100.0 2100.0 12.088848531
8795.64127009 4511.2815829 4130.1049898 175.110135989 2100.0 2100.0 12.1014149016
8800.30895303 4511.27728352 4130.11655118 175.198675829 2100.0 2100.0 12.1139812722
8804.97676453 4511.27298734 4130.12808978 175.287119411 2100.0 2100.0 12.1265476429
8809.64470436 4511.26869437 4130.13960566 175.375466887 2100.0 2100.0 12.1391140135
8814.31277228 4511.26440459 4130.15109889 175.463718411 2100.0 2100.0 12.1516803841
8818.98096807 4511.26011801 4130.16256954 175.551874137 2100.0 2100.0 12.1642467547
8823.64929148 4511.25583462 4130.17401767 175.639934216 2100.0 2100.0 12.1768131253
8828.3177423 4511.25155441 4130.18544335 175.727898802 2100.0 2100.0 12.1893794959
8832.98632028 4511.24727739 4130.19684665 175.815768047 2100.0 2100.0 12.2019458665
8837.65502521 4511.24300355 4130.20822763 175.903542102 2100.0 2100.0 12.2145122372
8842.32385684 4511.23873288 4130.21958635 175.991221119 2100.0 2100.0 12.2270786078
8846.99281494 4511.23446539 4130.23092288 176.078805249 2100.0 2100.0 12.2396449784
8851.6618993 4511.23020106 4130.24223728 176.166294644 2100.0 2100.0 12.252211349
8856.33110969 4511.2259399 4130.25352962 176.253689452 2100.0 2100.0 12.2647777196
8861.00044587 4511.22168191 4130.26479996 176.340989825 2100.0 2100.0 12.2773440902
8865.66990761 4511.21742707 4130.27604837 176.428195913 2100.0 2100.0 12.2899104608
8870.3394947 4511.21317539 4130.2872749 176.515307866 2100.0 2100.0 12.3024768315
8875.00920691 4511.20892685 4130.29847963 176.602325831 2100.0 2100.0 12.3150432021
8879.67904401 4511.20468147 4130.30966261 176.68924996 2100.0 2100.0 12.3276095727
8884.34900578 4511.20043923 4130.32082391 176.776080399 2100.0 2100.0 12.3401759433
8889.01909199 4511.19620014 4130.33196358 176.862817298 2100.0 2100.0 12.3527423139
8893.68930242 4511.19196418 4130.3430817 176.949460805 2100.0 2100.0 12.3653086845
8898.35963685 4511.18773135 4130.35417832 177.036011067 2100.0 2100.0 12.3778750551
8903.03009505 4511.18350165 4130.36525351 177.122468233 2100.0 2100.0 12.3904414258
8907.70067681 4511.17927509 4130.37630732 177.208832448 2100.0 2100.0 12.4030077964
8912.37138191 4511.17505164 4130.38733982 177.29510386 2100.0 2100.0 12.415574167
8917.04221011 4511.17083132 4130.39835106 177.381282616 2100.0 2100.0 12.4281405376
8921.71316121 4511.16661411 4130.40934112 177.467368861 2100.0 2100.0 12.4407069082
8926.38423499 4511.16240002 4130.42031005 177.553362742 2100.0 2100.0 12.4532732788
8931.05543121 4511.15818903 4130.43125791 177.639264404 2100.0 2100.0 12.4658396494
8935.72674968 4511.15398116 4130.44218475 177.725073993 2100.0 2100.0 12.4784060201
8940.39819016 4511.14977638 4130.45309065 177.810791654 2100.0 2100.0 12.4909723907
8945.06975245 4511.14557471 4130.46397566 177.896417531 2100.0 2100.0 12.5035387613
8949.74143632 4511.14137613 4130.47483983 177.981951769 2100.0 2100.0 12.5161051319
7900.58597419 4558.60628058 4138.62129241 168.074566569 2200.0 2200.0 9.6258398906
7905.2084824 4558.60042505 4138.64246216 168.194932187 2200.0 2200.0 9.63840626121
7909.83120074 4558.59457422 4138.66358093 168.315152877 2200.0 2200.0 9.65097263183
7914.45412877 4558.58872809 4138.6846489 168.435228895 2200.0 2200.0 9.66353900244
7919.07726601 4558.58288665 4138.70566625 168.555160494 2200.0 2200.0 9.67610537306
7923.70061203 4558.57704988 4138.72663316 168.674947928 2200.0 2200.0 9.68867174367
7928.32416636 4558.57121779 4138.7475498 168.794591448 2200.0 2200.0 9.70123811429
7932.94792855 4558.56539038 4138.76841637 168.914091307 2200.0 2200.0 9.7138044849
7937.57189814 4558.55956762 4138.78923303 169.033447757 2200.0 2200.0 9.72637085551
7942.1960747 4558.55374953 4138.80999997 169.152661047 2200.0 2200.0 9.73893722613
7946.82045777 4558.54793609 4138.83071735 169.271731429 2200.0 2200.0 9.75150359674
7951.4450469 4558.5421273 4138.85138536 169.390659153 2200.0 2200.0 9.76406996736
7956.06984166 4558.53632315 4138.87200417 169.509444467 2200.0 2200.0 9.77663633797
7960.69484158 4558.53052364 4138.89257395 169.62808762 2200.0 2200.0 9.78920270859
7965.32004624 4558.52472876 4138.91309487 169.74658886 2200.0 2200.0 9.8017690792
7969.9454552 4558.51893851 4138.93356711 169.864948435 2200.0 2200.0 9.81433544981
7974.571068 4558.51315287 4138.95399084 169.983166592 2200.0 2200.0 9.82690182043
7979.19688422 4558.50737186 4138.97436623 170.101243576 2200.0 2200.0 9.83946819104
7983.82290341 4558.50159545 4138.99469344 170.219179635 2200.0 2200.0 9.85203456166
7988.44912515 4558.49582364 4139.01497265 170.336975012 2200.0 2200.0 9.86460093227
7993.07554899 4558.49005643 4139.03520402 170.454629954 2200.0 2200.0 9.87716730289
7997.70217451 4558.48429382 4139.05538773 170.572144703 2200.0 2200.0 9.8897336735
8002.32900127 4558.47853579 4139.07552393 170.689519504 2200.0 2200.0 9.90230004412
8006.95602885 4558.47278235 4139.09561279 170.8067546 2200.0 2200.0 9.91486641473
8011.5832568 4558.46703348 4139.11565449 170.923850233 2200.0 2200.0 9.92743278534
8016.21068472 4558.46128919 4139.13564918 171.040806645 2200.0 2200.0 9.93999915596
8020.83831216 4558.45554946 4139.15559702 171.157624078 2200.0 2200.0 9.95256552657
8025.46613871 4558.44981428 4139.17549818 171.274302773 2200.0 2200.0 9.96513189719
8030.09416395 4558.44408367 4139.19535282 171.39084297 2200.0 2200.0 9.9776982678
8034.72238744 4558.4383576 4139.21516111 171.507244908 2200.0 2200.0 9.99026463842
8039.35080878 4558.43263608 4139.23492319 171.623508827 2200.0 2200.0 10.002831009
8043.97942753 4558.4269191 4139.25463924 171.739634966 2200.0 2200.0 10.0153973796
8048.60824329 4558.42120664 4139.2743094 171.855623563 2200.0 2200.0 10.0279637503
8053.23725564 4558.41549872 4139.29393385 171.971474856 2200.0 2200.0 10.0405301209
8057.86646415 4558.40979532 4139.31351273 172.087189082 2200.0 2200.0 10.0530964915
8062.49586843 4558.40409644 4139.3330462 172.202766477 2200.0 2200.0 10.0656628621
8067.12546804 4558.39840207 4139.35253443 172.318207277 2200.0 2200.0 10.0782292327
8071.75526259 4558.3927122 4139.37197756 172.433511719 2200.0 2200.0 10.0907956033
8076.38525166 4558.38702684 4139.39137574 172.548680037 2200.0 2200.0 10.1033619739
8081.01543484 4558.38134597 4139.41072914 172.663712465 2200.0 2200.0 10.1159283446
8085.64581173 4558.37566959 4139.43003791 172.778609238 2200.0 2200.0 10.1284947152
8090.27638191 4558.36999769 4139.44930219 172.893370589 2200.0 2200.0 10.1410610858
8094.90714499 4558.36433028 4139.46852214 173.007996751 2200.0 2200.0 10.1536274564
8099.53810055 4558.35866734 4139.48769792 173.122487957 2200.0 2200.0 10.166193827
8104.16924821 4558.35300887 4139.50682967 173.236844438 2200.0 2200.0 10.1787601976
8108.80058754 4558.34735486 4139.52591754 173.351066426 2200.0 2200.0 10.1913265682
8113.43211817 4558.34170532 4139.54496168 173.465154151 2200.0 2200.0 10.2038929389
8118.06383967 4558.33606022 4139.56396224 173.579107844 2200.0 2200.0 10.2164593095
8122.69575167 4558.33041958 4139.58291937 173.692927735 2200.0 2200.0 10.2290256801
8127.32785375 4558.32478337 4139.60183321 173.806614053 2200.0 2200.0 10.2415920507
8131.96014553 4558.31915161 4139.62070391 173.920167028 2200.0 2200.0 10.2541584213
8136.59262661 4558.31352427 4139.63953162 174.033586886 2200.0 2200.0 10.2667247919
8141.2252966 4558.30790137 4139.65831648 174.146873857 2200.0 2200.0 10.2792911625
8145.85815511 4558.30228288 4139.67705864 174.260028167 2200.0 2200.0 10.2918575332
8150.49120174 4558.29666881 4139.69575824 174.373050043 2200.0 2200.0 10.3044239038
8155.1244361 4558.29105916 4139.71441542 174.485939712 2200.0 2200.0 10.3169902744
8159.75785782 4558.28545391 4139.73303033 174.5986974 2200.0 2200.0 10.329556645
8164.39146649 4558.27985306 4139.7516031 174.71132333 2200.0 2200.0 10.3421230156
8169.02526174 4558.27425661 4139.77013389 174.82381773 2200.0 2200.0 10.3546893862
8173.65924318 4558.26866454 4139.78862282 174.936180822 2200.0 2200.0 10.3672557568
8178.29341043 4558.26307687 4139.80707005 175.048412831 2200.0 2200.0 10.3798221275
8182.9277631 4558.25749357 4139.8254757 175.160513979 2200.0 2200.0 10.3923884981
8187.56230081 4558.25191465 4139.84383992 175.27248449 2200.0 2200.0 10.4049548687
8192.19702319 4558.2463401 4139.86216285 175.384324587 2200.0 2200.0 10.4175212393
8196.83192984 4558.24076992 4139.88044463 175.49603449 2200.0 2200.0 10.4300876099
8201.46702041 4558.23520409 4139.89868538 175.607614421 2200.0 2200.0 10.4426539805
8206.1022945 4558.22964262 4139.91688525 175.719064602 2200.0 2200.0 10.4552203511
8210.73775175 4558.2240855 4139.93504438 175.830385252 2200.0 2200.0 10.4677867218
8215.37339177 4558.21853272 4139.95316289 175.941576591 2200.0 2200.0 10.4803530924
8220.0092142 4558.21298429 4139.97124093 176.05263884 2200.0 2200.0 10.492919463
8224.64521866 4558.20744018 4139.98927863 176.163572215 2200.0 2200.0 10.5054858336
8229.28140479 4558.20190041 4140.00727611 176.274376937 2200.0 2200.0 10.5180522042
8233.9177722 4558.19636496 4140.02523352 176.385053224 2200.0 2200.0 10.5306185748
8238.55432054 4558.19083383 4140.04315099 176.495601291 2200.0 2200.0 10.5431849454
8243.19104943 4558.18530702 4140.06102864 176.606021358 2200.0 2200.0 10.5557513161
8247.82795851 4558.17978451 4140.07886661 176.716313639 2200.0 2200.0 10.5683176867
8252.46504742 4558.17426631 4140.09666504 176.826478352 2200.0 2200.0 10.5808840573
8257.10231578 4558.16875241 4140.11442404 176.936515711 2200.0 2200.0 10.5934504279
8261.73976324 4558.1632428 4140.13214374 177.046425932 2200.0 2200.0 10.6060167985
8266.37738942 4558.15773748 4140.14982429 177.15620923 2200.0 2200.0 10.6185831691
8271.01519398 4558.15223645 4140.1674658 177.265865818 2200.0 2200.0 10.6311495397
8275.65317655 4558.14673969 4140.18506841 177.375395911 2200.0 2200.0 10.6437159104
8280.29133677 4558.14124721 4140.20263223 177.484799722 2200.0 2200.0 10.656282281
8284.92967428 4558.135759 4140.22015741 177.594077462 2200.0 2200.0 10.6688486516
8289.56818873 4558.13027505 4140.23764406 177.703229346 2200.0 2200.0 10.6814150222
8294.20687976 4558.12479536 4140.2550923 177.812255584 2200.0 2200.0 10.6939813928
8298.84574701 4558.11931993 4140.27250227 177.921156388 2200.0 2200.0 10.7065477634
7500.43905352 4607.25823527 4147.71981971 168.09386366 2300.0 2300.0 8.46973379408
7505.0227767 4607.250921 4147.75133456 168.239433541 2300.0 2300.0 8.48230016469
7509.60678616 4607.24361281 4147.78276527 168.384819513 2300.0 2300.0 8.49486653531
7514.19108123 4607.23631069 4147.81411215 168.530021911 2300.0 2300.0 8.50743290592
7518.7756612 4607.22901463 4147.84537556 168.675041071 2300.0 2300.0 8.51999927654
7523.36052538 4607.22172462 4147.8765558 168.819877329 2300.0 2300.0 8.53256564715
7527.94567308 4607.21444067 4147.90765321 168.964531018 2300.0 2300.0 8.54513201776
7532.5311036 4607.20716275 4147.93866812 169.109002472 2300.0 2300.0 8.55769838838
7537.11681627 4607.19989087 4147.96960084 169.253292023 2300.0 2300.0 8.57026475899
7541.70281041 4607.19262501 4148.00045171 169.397400003 2300.0 2300.0 8.58283112961
7546.28908532 4607.18536517 4148.03122104 169.541326744 2300.0 2300.0 8.59539750022
7550.87564034 4607.17811134 4148.06190914 169.685072575 2300.0 2300.0 8.60796387084
7555.46247478 4607.17086351 4148.09251634 169.828637826 2300.0 2300.0 8.62053024145
7560.04958798 4607.16362168 4148.12304296 169.972022825 2300.0 2300.0 8.63309661206
7564.63697926 4607.15638583 4148.15348929 170.115227901 2300.0 2300.0 8.64566298268
7569.22464795 4607.14915597 4148.18385567 170.258253381 2300.0 2300.0 8.65822935329
7573.8125934 4607.14193208 4148.21414239 170.401099591 2300.0 2300.0 8.67079572391
7578.40081492 4607.13471416 4148.24434977 170.543766856 2300.0 2300.0 8.68336209452
7582.98931188 4607.12750219 4148.27447811 170.686255502 2300.0 2300.0 8.69592846514
7587.5780836 4607.12029617 4148.30452772 170.828565853 2300.0 2300.0 8.70849483575
7592.16712943 4607.1130961 4148.33449891 170.970698232 2300.0 2300.0 8.72106120637
7596.75644871 4607.10590197 4148.36439197 171.112652962 2300.0 2300.0 8.73362757698
7601.3460408 4607.09871376 4148.39420721 171.254430365 2300.0 2300.0 8.74619394759
7605.93590504 4607.09153148 4148.42394493 171.396030761 2300.0 2300.0 8.75876031821
7610.52604079 4607.08435511 4148.45360542 171.537454471 2300.0 2300.0 8.77132668882
7615.11644741 4607.07718464 4148.48318898 171.678701815 2300.0 2300.0 8.78389305944
7619.70712424 4607.07002008 4148.51269591 171.819773111 2300.0 2300.0 8.79645943005
7624.29807066 4607.06286141 4148.5421265 171.960668678 2300.0 2300.0 8.80902580067
7628.88928602 4607.05570863 4148.57148104 172.101388833 2300.0 2300.0 8.82159217128
7633.48076969 4607.04856172 4148.60075983 172.241933893 2300.0 2300.0 8.83415854189
7638.07252104 4607.04142068 4148.62996314 172.382304174 2300.0 2300.0 8.84672491251
7642.66453943 4607.03428551 4148.65909128 172.52249999 2300.0 2300.0 8.85929128312
7647.25682423 4607.02715619 4148.68814452 172.662521657 2300.0 2300.0 8.87185765374
7651.84937482 4607.02003273 4148.71712315 172.802369488 2300.0 2300.0 8.88442402435
7656.44219058 4607.0129151 4148.74602746 172.942043796 2300.0 2300.0 8.89699039497
7661.03527089 4607.00580331 4148.77485772 173.081544893 2300.0 2300.0 8.90955676558
7665.62861511 4606.99869735 4148.80361422 173.220873091 2300.0 2300.0 8.9221231362
7670.22222264 4606.99159721 4148.83229723 173.360028701 2300.0 2300.0 8.93468950681
7674.81609286 4606.98450288 4148.86090704 173.499012033 2300.0 2300.0 8.94725587742
7679.41022516 4606.97741436 4148.88944391 173.637823396 2300.0 2300.0 8.95982224804
7684.00461893 4606.97033164 4148.91790813 173.776463098 2300.0 2300.0 8.97238861865
7688.59927355 4606.96325471 4148.94629997 173.914931449 2300.0 2300.0 8.98495498927
7693.19418842 4606.95618356 4148.9746197 174.053228755 2300.0 2300.0 8.99752135988
7697.78936294 4606.94911819 4149.00286759 174.191355322 2300.0 2300.0 9.0100877305
7702.3847965 4606.9420586 4149.03104391 174.329311457 2300.0 2300.0 9.02265410111
7706.98048851 4606.93500476 4149.05914893 174.467097465 2300.0 2300.0 9.03522047172
7711.57643835 4606.92795669 4149.08718291 174.60471365 2300.0 2300.0 9.04778684234
7716.17264545 4606.92091436 4149.11514613 174.742160315 2300.0 2300.0 9.06035321295
7720.7691092 4606.91387778 4149.14303884 174.879437765 2300.0 2300.0 9.07291958357
7725.36582901 4606.90684693 4149.1708613 175.016546301 2300.0 2300.0 9.08548595418
7729.96280429 4606.89982181 4149.19861379 175.153486224 2300.0 2300.0 9.0980523248
7734.56003445 4606.89280241 4149.22629656 175.290257837 2300.0 2300.0 9.11061869541
7739.15751892 4606.88578873 4149.25390987 175.426861438 2300.0 2300.0 9.12318506602
7743.75525709 4606.87878075 4149.28145398 175.563297328 2300.0 2300.0 9.13575143664
7748.35324839 4606.87177848 4149.30892914 175.699565806 2300.0 2300.0 9.14831780725
7752.95149225 4606.8647819 4149.3363356 175.835667169 2300.0 2300.0 9.16088417787
7757.54998808 4606.85779101 4149.36367363 175.971601715 2300.0 2300.0 9.17345054848
7762.1487353 4606.85080579 4149.39094348 176.107369742 2300.0 2300.0 9.1860169191
7766.74773335 4606.84382625 4149.4181454 176.242971545 2300.0 2300.0 9.19858328971
7771.34698165 4606.83685238 4149.44527963 176.378407419 2300.0 2300.0 9.21114966033
7775.94647963 4606.82988416 4149.47234643 176.51367766 2300.0 2300.0 9.22371603094
7780.54622672 4606.8229216 4149.49934604 176.648782561 2300.0 2300.0 9.23628240155
7785.14622235 4606.81596468 4149.52627872 176.783722417 2300.0 2300.0 9.24884877217
7789.74646597 4606.80901341 4149.5531447 176.918497519 2300.0 2300.0 9.26141514278
7794.346957 4606.80206776 4149.57994423 177.05310816 2300.0 2300.0 9.2739815134
7798.9476949 4606.79512774 4149.60667756 177.187554631 2300.0 2300.0 9.28654788401
7803.54867909 4606.78819334 4149.63334493 177.321837224 2300.0 2300.0 9.29911425463
7808.14990902 4606.78126455 4149.65994657 177.455956227 2300.0 2300.0 9.31168062524
7812.75138415 4606.77434136 4149.68648273 177.589911932 2300.0 2300.0 9.32424699585
7817.35310391 4606.76742377 4149.71295364 177.723704625 2300.0 2300.0 9.33681336647
7821.95506775 4606.76051177 4149.73935955 177.857334597 2300.0 2300.0 9.34937973708
7826.55727512 4606.75360536 4149.76570068 177.990802133 2300.0 2300.0 9.3619461077
7197.88098165 4657.52218713 4156.35028339 168.159800757 2400.0 2400.0 7.56495510984
7202.42173001 4657.51325728 4156.39521727 168.331446882 2400.0 2400.0 7.57752148046
7206.9628566 4657.50433506 4156.44002056 168.502867962 2400.0 2400.0 7.59008785107
7211.50436041 4657.49542046 4156.48469384 168.674064421 2400.0 2400.0 7.60265422169
7216.04624042 4657.48651347 4156.52923764 168.845036682 2400.0 2400.0 7.6152205923
7220.58849561 4657.47761407 4156.57365253 169.015785168 2400.0 2400.0 7.62778696292
7225.13112497 4657.46872226 4156.61793906 169.186310301 2400.0 2400.0 7.64035333353
7229.67412751 4657.45983803 4156.66209777 169.356612501 2400.0 2400.0 7.65291970414
7234.21750221 4657.45096137 4156.7061292 169.526692186 2400.0 2400.0 7.66548607476
7238.76124808 4657.44209226 4156.7500339 169.696549777 2400.0 2400.0 7.67805244537
7243.30536413 4657.43323071 4156.79381241 169.866185689 2400.0 2400.0 7.69061881599
7247.84984937 4657.42437669 4156.83746525 170.03560034 2400.0 2400.0 7.7031851866
7252.39470282 4657.41553021 4156.88099297 170.204794145 2400.0 2400.0 7.71575155722
7256.93992349 4657.40669124 4156.92439608 170.373767519 2400.0 2400.0 7.72831792783
7261.48551041 4657.39785979 4156.96767512 170.542520874 2400.0 2400.0 7.74088429845
7266.0314626 4657.38903583 4157.01083061 170.711054623 2400.0 2400.0 7.75345066906
7270.57777911 4657.38021937 4157.05386306 170.879369178 2400.0 2400.0 7.76601703967
7275.12445895 4657.37141039 4157.096773 171.047464949 2400.0 2400.0 7.77858341029
7279.67150118 4657.36260889 4157.13956094 171.215342346 2400.0 2400.0 7.7911497809
7284.21890484 4657.35381484 4157.18222738 171.383001777 2400.0 2400.0 7.80371615152
7288.76666896 4657.34502825 4157.22477285 171.550443649 2400.0 2400.0 7.81628252213
7293.31479261 4657.33624911 4157.26719784 171.71766837 2400.0 2400.0 7.82884889275
7297.86327484 4657.3274774 4157.30950286 171.884676345 2400.0 2400.0 7.84141526336
7302.41211471 4657.31871311 4157.3516884 172.051467978 2400.0 2400.0 7.85398163397
7306.96131128 4657.30995625 4157.39375497 172.218043673 2400.0 2400.0 7.86654800459
7311.51086361 4657.30120678 4157.43570306 172.384403833 2400.0 2400.0 7.8791143752
7316.06077078 4657.29246472 4157.47753317 172.55054886 2400.0 2400.0 7.89168074582
7320.61103185 4657.28373004 4157.51924577 172.716479154 2400.0 2400.0 7.90424711643
7325.16164592 4657.27500274 4157.56084136 172.882195115 2400.0 2400.0 7.91681348705
7329.71261205 4657.26628282 4157.60232042 173.047697143 2400.0 2400.0 7.92937985766
7334.26392934 4657.25757025 4157.64368344 173.212985634 2400.0 2400.0 7.94194622828
7338.81559686 4657.24886503 4157.68493089 173.378060987 2400.0 2400.0 7.95451259889
7343.36761372 4657.24016715 4157.72606324 173.542923597 2400.0 2400.0 7.9670789695
7347.91997901 4657.23147661 4157.76708098 173.707573859 2400.0 2400.0 7.97964534012
7352.47269182 4657.22279338 4157.80798457 173.872012167 2400.0 2400.0 7.99221171073
7357.02575127 4657.21411748 4157.84877448 174.036238915 2400.0 2400.0 8.00477808135
7361.57915645 4657.20544887 4157.88945118 174.200254495 2400.0 2400.0 8.01734445196
7366.13290648 4657.19678756 4157.93001512 174.364059298 2400.0 2400.0 8.02991082258
7370.68700047 4657.18813354 4157.97046678 174.527653715 2400.0 2400.0 8.04247719319
7375.24143754 4657.17948679 4158.01080661 174.691038136 2400.0 2400.0 8.0550435638
7379.79621681 4657.17084732 4158.05103507 174.854212948 2400.0 2400.0 8.06760993442
7384.35133739 4657.1622151 4158.0911526 175.01717854 2400.0 2400.0 8.08017630503
7388.90679842 4657.15359013 4158.13115966 175.179935298 2400.0 2400.0 8.09274267565
7393.46259904 4657.1449724 4158.17105671 175.342483609 2400.0 2400.0 8.10530904626
7398.01873836 4657.1363619 4158.21084418 175.504823856 2400.0 2400.0 8.11787541688
7402.57521553 4657.12775862 4158.25052252 175.666956426 2400.0 2400.0 8.13044178749
7407.1320297 4657.11916256 4158.29009216 175.828881699 2400.0 2400.0 8.1430081581
7411.68918 4657.1105737 4158.32955356 175.990600059 2400.0 2400.0 8.15557452872
7416.24666558 4657.10199203 4158.36890715 176.152111887 2400.0 2400.0 8.16814089933
7420.80448559 4657.09341756 4158.40815336 176.313417564 2400.0 2400.0 8.18070726995
7425.36263919 4657.08485025 4158.44729262 176.474517468 2400.0 2400.0 8.19327364056
7429.92112553 4657.07629012 4158.48632536 176.635411979 2400.0 2400.0 8.20584001118
7434.47994378 4657.06773715 4158.52525202 176.796101474 2400.0 2400.0 8.21840638179
7439.0390931 4657.05919132 4158.56407301 176.956586331 2400.0 2400.0 8.23097275241
7443.59857264 4657.05065264 4158.60278876 177.116866924 2400.0 2400.0 8.24353912302
7448.1583816 4657.04212109 4158.64139969 177.27694363 2400.0 2400.0 8.25610549363
7452.71851913 4657.03359666 4158.67990622 177.436816823 2400.0 2400.0 8.26867186425
7457.27898441 4657.02507934 4158.71830877 177.596486875 2400.0 2400.0 8.28123823486
7461.83977663 4657.01656914 4158.75660775 177.75595416 2400.0 2400.0 8.29380460548
7466.40089496 4657.00806603 4158.79480357 177.915219048 2400.0 2400.0 8.30637097609
6959.87320303 4709.36118771 4164.34443303 168.013748258 2500.0 2500.0 6.8235392436
6964.36609051 4709.35047371 4164.40642131 168.212455113 2500.0 2500.0 6.83610561421
6968.85946694 4709.33976906 4164.46821628 168.41089369 2500.0 2500.0 6.84867198483
6973.35333087 4709.32907376 4164.52981881 168.609064507 2500.0 2500.0 6.86123835544
6977.84768086 4709.31838778 4164.5912298 168.806968079 2500.0 2500.0 6.87380472605
6982.34251546 4709.30771113 4164.65245012 169.004604922 2500.0 2500.0 6.88637109667
6986.83783326 4709.29704379 4164.71348063 169.201975549 2500.0 2500.0 6.89893746728
6991.33363282 4709.28638575 4164.77432219 169.399080472 2500.0 2500.0 6.9115038379
6995.82991273 4709.27573698 4164.83497567 169.595920203 2500.0 2500.0 6.92407020851
7000.32667159 4709.26509749 4164.89544192 169.792495252 2500.0 2500.0 6.93663657913
7004.82390798 4709.25446726 4164.95572179 169.988806127 2500.0 2500.0 6.94920294974
7009.32162051 4709.24384628 4165.01581612 170.184853336 2500.0 2500.0 6.96176932035
7013.81980778 4709.23323453 4165.07572575 170.380637384 2500.0 2500.0 6.97433569097
7018.31846842 4709.222632 4165.13545151 170.576158778 2500.0 2500.0 6.98690206158
7022.81760105 4709.21203869 4165.19499424 170.77141802 2500.0 2500.0 6.9994684322
7027.31720428 4709.20145458 4165.25435475 170.966415613 2500.0 2500.0 7.01203480281
7031.81727676 4709.19087965 4165.31353386 171.161152059 2500.0 2500.0 7.02460117343
7036.31781713 4709.1803139 4165.37253239 171.355627857 2500.0 2500.0 7.03716754404
7040.81882403 4709.16975732 4165.43135115 171.549843507 2500.0 2500.0 7.04973391466
7045.32029611 4709.15920988 4165.48999093 171.743799506 2500.0 2500.0 7.06230028527
7049.82223204 4709.14867159 4165.54845255 171.937496351 2500.0 2500.0 7.07486665588
7054.32463047 4709.13814242 4165.6067368 172.130934536 2500.0 2500.0 7.0874330265
7058.82749008 4709.12762237 4165.66484446 172.324114557 2500.0 2500.0 7.09999939711
7063.33080954 4709.11711143 4165.72277632 172.517036905 2500.0 2500.0 7.11256576773
7067.83458753 4709.10660958 4165.78053316 172.709702072 2500.0 2500.0 7.12513213834
7072.33882275 4709.09611681 4165.83811577 172.90211055 2500.0 2500.0 7.13769850896
7076.84351388 4709.0856331 4165.8955249 173.094262827 2500.0 2500.0 7.15026487957
7081.34865963 4709.07515846 4165.95276134 173.286159391 2500.0 2500.0 7.16283125018
7085.8542587 4709.06469286 4166.00982583 173.47780073 2500.0 2500.0 7.1753976208
7090.36030979 4709.0542363 4166.06671915 173.669187329 2500.0 2500.0 7.18796399141
7094.86681164 4709.04378876 4166.12344204 173.860319673 2500.0 2500.0 7.20053036203
7099.37376295 4709.03335023 4166.17999526 174.051198245 2500.0 2500.0 7.21309673264
7103.88116247 4709.02292069 4166.23637955 174.241823528 2500.0 2500.0 7.22566310326
7108.38900891 4709.01250015 4166.29259565 174.432196002 2500.0 2500.0 7.23822947387
7112.89730102 4709.00208858 4166.3486443 174.622316148 2500.0 2500.0 7.25079584449
7117.40603754 4708.99168598 4166.40452624 174.812184444 2500.0 2500.0 7.2633622151
7121.91521723 4708.98129233 4166.46024218 175.001801368 2500.0 2500.0 7.27592858571
7126.42483883 4708.97090762 4166.51579286 175.191167397 2500.0 2500.0 7.28849495633
7130.93490111 4708.96053184 4166.571179 175.380283006 2500.0 2500.0 7.30106132694
7135.44540284 4708.95016498 4166.62640131 175.569148668 2500.0 2500.0 7.31362769756
7139.95634278 4708.93980703 4166.6814605 175.757764858 2500.0 2500.0 7.32619406817
7144.46771971 4708.92945797 4166.73635728 175.946132048 2500.0 2500.0 7.33876043879
7148.97953242 4708.9191178 4166.79109236 176.134250707 2500.0 2500.0 7.3513268094
7153.49177969 4708.9087865 4166.84566644 176.322121306 2500.0 2500.0 7.36389318001
7158.00446031 4708.89846406 4166.90008021 176.509744313 2500.0 2500.0 7.37645955063
7162.51757308 4708.88815047 4166.95433436 176.697120196 2500.0 2500.0 7.38902592124
7167.0311168 4708.87784572 4167.00842959 176.884249421 2500.0 2500.0 7.40159229186
7171.54509028 4708.86754979 4167.06236657 177.071132453 2500.0 2500.0 7.41415866247
7176.05949234 4708.85726268 4167.11614599 177.257769756 2500.0 2500.0 7.42672503309
7180.57432178 4708.84698438 4167.16976853 177.444161794 2500.0 2500.0 7.4392914037
7185.08957744 4708.83671487 4167.22323485 177.630309028 2500.0 2500.0 7.45185777431
7189.60525814 4708.82645414 4167.27654563 177.816211919 2500.0 2500.0 7.46442414493
6780.93929725 4762.69771421 4171.77724472 168.166440359 2600.0 2600.0 6.23291982472
6785.38064379 4762.68507204 4171.85967993 168.392310465 2600.0 2600.0 6.24548619534
6789.82260575 4762.6724411 4171.94184371 168.617868901 2600.0 2600.0 6.25805256595
6794.26518117 4762.65982138 4172.02373736 168.843116277 2600.0 2600.0 6.27061893657
6798.70836809 4762.64721286 4172.10536218 169.068053202 2600.0 2600.0 6.28318530718
6803.15216455 4762.63461554 4172.18671946 169.292680282 2600.0 2600.0 6.29575167779
6807.59656861 4762.62202938 4172.26781047 169.516998123 2600.0 2600.0 6.30831804841
6812.04157834 4762.60945439 4172.3486365 169.741007329 2600.0 2600.0 6.32088441902
6816.48719181 4762.59689054 4172.4291988 169.964708502 2600.0 2600.0 6.33345078964
6820.93340711 4762.58433781 4172.50949863 170.188102243 2600.0 2600.0 6.34601716025
6825.38022233 4762.57179621 4172.58953724 170.411189152 2600.0 2600.0 6.35858353087
6829.82763558 4762.5592657 4172.66931587 170.633969826 2600.0 2600.0 6.37114990148
6834.27564498 4762.54674628 4172.74883575 170.856444863 2600.0 2600.0 6.38371627209
6838.72424864 4762.53423792 4172.82809812 171.078614858 2600.0 2600.0 6.39628264271
6843.1734447 4762.52174063 4172.90710418 171.300480403 2600.0 2600.0 6.40884901332
6847.6232313 4762.50925437 4172.98585516 171.522042092 2600.0 2600.0 6.42141538394
6852.07360659 4762.49677914 4173.06435224 171.743300515 2600.0 2600.0 6.43398175455
6856.52456873 4762.48431492 4173.14259664 171.964256262 2600.0 2600.0 6.44654812517
6860.97611589 4762.47186171 4173.22058953 172.18490992 2600.0 2600.0 6.45911449578
6865.42824624 4762.45941947 4173.2983321 172.405262076 2600.0 2600.0 6.47168086639
6869.88095797 4762.4469882 4173.37582552 172.625313314 2600.0 2600.0 6.48424723701
6874.33424927 4762.43456789 4173.45307096 172.84506422 2600.0 2600.0 6.49681360762
6878.78811836 4762.42215851 4173.53006958 173.064515374 2600.0 2600.0 6.50937997824
6883.24256343 4762.40976006 4173.60682253 173.283667357 2600.0 2600.0 6.52194634885
6887.69758272 4762.39737253 4173.68333095 173.50252075 2600.0 2600.0 6.53451271947
6892.15317444 4762.38499589 4173.759596 173.721076129 2600.0 2600.0 6.54707909008
6896.60933684 4762.37263013 4173.83561879 173.939334072 2600.0 2600.0 6.5596454607
6901.06606817 4762.36027523 4173.91140045 174.157295153 2600.0 2600.0 6.57221183131
6905.52336667 4762.3479312 4173.9869421 174.374959947 2600.0 2600.0 6.58477820192
6909.98123061 4762.335598 4174.06224486 174.592329026 2600.0 2600.0 6.59734457254
6914.43965825 4762.32327562 4174.13730982 174.80940296 2600.0 2600.0 6.60991094315
6918.89864789 4762.31096406 4174.21213809 175.02618232 2600.0 2600.0 6.62247731377
6923.3581978 4762.2986633 4174.28673075 175.242667673 2600.0 2600.0 6.63504368438
6927.81830629 4762.28637331 4174.36108889 175.458859586 2600.0 2600.0 6.647610055
6932.27897164 4762.2740941 4174.43521359 175.674758626 2600.0 2600.0 6.66017642561
6936.74019218 4762.26182564 4174.50910593 175.890365355 2600.0 2600.0 6.67274279622
6941.20196623 4762.24956792 4174.58276695 176.105680337 2600.0 2600.0 6.68530916684
6945.6642921 4762.23732092 4174.65619774 176.320704133 2600.0 2600.0 6.69787553745
6950.12716814 4762.22508464 4174.72939933 176.535437304 2600.0 2600.0 6.71044190807
6954.59059268 4762.21285906 4174.80237278 176.749880407 2600.0 2600.0 6.72300827868
6959.05456408 4762.20064416 4174.87511912 176.964034 2600.0 2600.0 6.7355746493
6963.5190807 4762.18843993 4174.94763939 177.177898639 2600.0 2600.0 6.74814101991
6967.98414089 4762.17624635 4175.01993462 177.391474879 2600.0 2600.0 6.76070739053
6972.44974304 4762.16406342 4175.09200582 177.604763273 2600.0 2600.0 6.77327376114
6976.91588552 4762.15189112 4175.16385402 177.817764373 2600.0 2600.0 6.78584013175
6637.93113963 4817.5096606 4178.42539183 168.112236685 2700.0 2700.0 5.73026500015
6642.31607939 4817.49492381 4178.53227669 168.365889043 2700.0 2700.0 5.74283137076
6646.70178021 4817.4802003 4178.63879411 168.619185392 2700.0 2700.0 5.75539774138
6651.08823949 4817.46549006 4178.7449459 168.872126438 2700.0 2700.0 5.76796411199
6655.47545464 4817.45079307 4178.8507339 169.12471288 2700.0 2700.0 5.78053048261
6659.86342308 4817.4361093 4178.95615991 169.376945418 2700.0 2700.0 5.79309685322
6664.25214225 4817.42143874 4179.06122572 169.628824751 2700.0 2700.0 5.80566322383
6668.6416096 4817.40678137 4179.16593313 169.880351576 2700.0 2700.0 5.81822959445
6673.0318226 4817.39213718 4179.2702839 170.131526585 2700.0 2700.0 5.83079596506
6677.42277872 4817.37750615 4179.3742798 170.382350473 2700.0 2700.0 5.84336233568
6681.81447546 4817.36288826 4179.47792258 170.632823931 2700.0 2700.0 5.85592870629
6686.20691032 4817.34828348 4179.58121398 170.882947647 2700.0 2700.0 5.86849507691
6690.60008081 4817.33369181 4179.68415574 171.132722311 2700.0 2700.0 5.88106144752
6694.99398447 4817.31911323 4179.78674955 171.382148608 2700.0 2700.0 5.89362781813
6699.38861883 4817.30454772 4179.88899715 171.631227222 2700.0 2700.0 5.90619418875
6703.78398146 4817.28999526 4179.99090021 171.879958837 2700.0 2700.0 5.91876055936
6708.18006992 4817.27545583 4180.09246043 172.128344134 2700.0 2700.0 5.93132692998
6712.57688179 4817.26092942 4180.19367948 172.376383792 2700.0 2700.0 5.94389330059
6716.97441466 4817.24641601 4180.29455902 172.624078488 2700.0 2700.0 5.95645967121
6721.37266614 4817.23191558 4180.39510072 172.8714289 2700.0 2700.0 5.96902604182
6725.77163385 4817.21742812 4180.49530621 173.118435701 2700.0 2700.0 5.98159241243
6730.17131541 4817.2029536 4180.59517712 173.365099566 2700.0 2700.0 5.99415878305
6734.57170846 4817.18849201 4180.69471508 173.611421163 2700.0 2700.0 6.00672515366
6738.97281067 4817.17404334 4180.7939217 173.857401165 2700.0 2700.0 6.01929152428
6743.37461968 4817.15960756 4180.89279858 174.103040237 2700.0 2700.0 6.03185789489
6747.77713319 4817.14518466 4180.99134732 174.348339048 2700.0 2700.0 6.04442426551
6752.18034888 4817.13077462 4181.0895695 174.593298261 2700.0 2700.0 6.05699063612
6756.58426444 4817.11637742 4181.18746669 174.83791854 2700.0 2700.0 6.06955700674
6760.9888776 4817.10199305 4181.28504045 175.082200546 2700.0 2700.0 6.08212337735
6765.39418608 4817.08762149 4181.38229234 175.32614494 2700.0 2700.0 6.09468974796
6769.8001876 4817.07326272 4181.4792239 175.569752379 2700.0 2700.0 6.10725611858
6774.20687992 4817.05891673 4181.57583666 175.81302352 2700.0 2700.0 6.11982248919
6778.61426079 4817.0445835 4181.67213215 176.055959018 2700.0 2700.0 6.13238885981
6783.02232799 4817.03026301 4181.76811188 176.298559528 2700.0 2700.0 6.14495523042
6787.43107928 4817.01595524 4181.86377736 176.5408257 2700.0 2700.0 6.15752160104
6791.84051247 4817.00166019 4181.95913008 176.782758185 2700.0 2700.0 6.17008797165
6796.25062535 4816.98737782 4182.05417154 177.024357633 2700.0 2700.0 6.18265434226
6800.66141574 4816.97310813 4182.1489032 177.26562469 2700.0 2700.0 6.19522071288
6805.07288146 4816.95885109 4182.24332655 177.506560002 2700.0 2700.0 6.20778708349
6809.48502035 4816.9446067 4182.33744303 177.747164213 2700.0 2700.0 6.22035345411
6813.89783024 4816.93037493 4182.43125409 177.987437966 2700.0 2700.0 6.23291982472
6530.19909912 4873.72421301 4184.41672475 168.270921168 2800.0 2800.0 5.31557476987
6534.52419255 4873.70723904 4184.55143599 168.552246475 2800.0 2800.0 5.32814114049
6538.8502061 4873.69028054 4184.68566984 168.833172091 2800.0 2800.0 5.3407075111
6543.17713647 4873.67333749 4184.81942874 169.113698809 2800.0 2800.0 5.35327388172
6547.50498038 4873.65640986 4184.95271509 169.39382742 2800.0 2800.0 5.36584025233
6551.83373455 4873.63949763 4185.0855313 169.673558713 2800.0 2800.0 5.37840662295
6556.16339573 4873.62260079 4185.21787976 169.952893474 2800.0 2800.0 5.39097299356
6560.49396068 4873.60571931 4185.34976284 170.23183249 2800.0 2800.0 5.40353936417
6564.8254262 4873.58885317 4185.4811829 170.510376543 2800.0 2800.0 5.41610573479
6569.15778907 4873.57200236 4185.61214228 170.788526415 2800.0 2800.0 5.4286721054
6573.49104612 4873.55516684 4185.74264329 171.066282885 2800.0 2800.0 5.44123847602
6577.82519418 4873.5383466 4185.87268826 171.34364673 2800.0 2800.0 5.45380484663
6582.1602301 4873.52154162 4186.00227948 171.620618728 2800.0 2800.0 5.46637121725
6586.49615076 4873.50475188 4186.13141923 171.89719965 2800.0 2800.0 5.47893758786
6590.83295303 4873.48797736 4186.26010978 172.17339027 2800.0 2800.0 5.49150395847
6595.17063383 4873.47121803 4186.38835337 172.449191357 2800.0 2800.0 5.50407032909
6599.50919006 4873.45447388 4186.51615225 172.72460368 2800.0 2800.0 5.5166366997
6603.84861867 4873.43774488 4186.64350864 172.999628004 2800.0 2800.0 5.52920307032
6608.1889166 4873.42103102 4186.77042474 173.274265094 2800.0 2800.0 5.54176944093
6612.53008082 4873.40433228 4186.89690275 173.548515713 2800.0 2800.0 5.55433581155
6616.87210832 4873.38764863 4187.02294486 173.822380622 2800.0 2800.0 5.56690218216
6621.21499609 4873.37098005 4187.14855322 174.09586058 2800.0 2800.0 5.57946855278
6625.55874116 4873.35432653 4187.27372999 174.368956343 2800.0 2800.0 5.59203492339
6629.90334054 4873.33768804 4187.39847731 174.641668667 2800.0 2800.0 5.604601294
6634.2487913 4873.32106456 4187.5227973 174.913998305 2800.0 2800.0 5.61716766462
6638.59509049 4873.30445607 4187.64669208 175.185946009 2800.0 2800.0 5.62973403523
6642.94223518 4873.28786256 4187.77016375 175.457512529 2800.0 2800.0 5.64230040585
6647.29022248 4873.271284 4187.89321438 175.728698612 2800.0 2800.0 5.65486677646
6651.63904948 4873.25472037 4188.01584606 175.999505005 2800.0 2800.0 5.66743314708
6655.98871332 4873.23817166 4188.13806083 176.269932453 2800.0 2800.0 5.67999951769
6660.33921114 4873.22163784 4188.25986075 176.539981697 2800.0 2800.0 5.6925658883
6664.69054007 4873.20511888 4188.38124785 176.809653478 2800.0 2800.0 5.70513225892
6669.0426973 4873.18861479 4188.50222415 177.078948537 2800.0 2800.0 5.71769862953
6673.39568 4873.17212552 4188.62279165 177.347867609 2800.0 2800.0 5.73026500015
6677.74948537 4873.15565107 4188.74295236 177.61641143 2800.0 2800.0 5.74283137076
6682.10411063 4873.1391914 4188.86270825 177.884580734 2800.0 2800.0 5.75539774138
6444.11169075 4931.32089517 4189.52271236 168.180751803 2900.0 2900.0 4.95115002206
6448.37238857 4931.30151969 4189.68914892 168.490169157 2900.0 2900.0 4.96371639267
6452.63418126 4931.28216202 4189.85498297 168.799142881 2900.0 2900.0 4.97628276329
6456.89706473 4931.26282214 4190.02021762 169.107673855 2900.0 2900.0 4.9888491339
6461.16103494 4931.24350003 4190.18485597 169.415762957 2900.0 2900.0 5.00141550451
6465.42608786 4931.22419567 4190.34890109 169.723411065 2900.0 2900.0 5.01398187513
6469.69221945 4931.20490902 4190.51235601 170.030619052 2900.0 2900.0 5.02654824574
6473.95942575 4931.18564008 4190.67522378 170.337387791 2900.0 2900.0 5.03911461636
6478.22770278 4931.1663888 4190.83750739 170.643718153 2900.0 2900.0 5.05168098697
6482.49704659 4931.14715517 4190.99920985 170.949611004 2900.0 2900.0 5.06424735759
6486.76745326 4931.12793916 4191.16033411 171.255067213 2900.0 2900.0 5.0768137282
6491.03891888 4931.10874075 4191.32088313 171.560087641 2900.0 2900.0 5.08938009882
6495.31143958 4931.08955991 4191.48085984 171.864673152 2900.0 2900.0 5.10194646943
6499.5850115 4931.07039662 4191.64026716 172.168824606 2900.0 2900.0 5.11451284004
6503.85963079 4931.05125086 4191.79910798 172.472542859 2900.0 2900.0 5.12707921066
6508.13529364 4931.03212261 4191.95738517 172.775828768 2900.0 2900.0 5.13964558127
6512.41199625 4931.01301183 4192.11510159 173.078683186 2900.0 2900.0 5.15221195189
6516.68973484 4930.99391851 4192.27226008 173.381106965 2900.0 2900.0 5.1647783225
6520.96850566 4930.97484262 4192.42886346 173.683100955 2900.0 2900.0 5.17734469312
6525.24830497 4930.95578413 4192.58491453 173.984666003 2900.0 2900.0 5.18991106373
6529.52912906 4930.93674303 4192.74041607 174.285802954 2900.0 2900.0 5.20247743434
6533.81097423 4930.91771929 4192.89537086 174.586512653 2900.0 2900.0 5.21504380496
6538.0938368 4930.89871288 4193.04978163 174.88679594 2900.0 2900.0 5.22761017557
6542.37771312 4930.87972379 4193.20365113 175.186653655 2900.0 2900.0 5.24017654619
6546.66259956 4930.86075199 4193.35698207 175.486086635 2900.0 2900.0 5.2527429168
6550.94849249 4930.84179745 4193.50977713 175.785095716 2900.0 2900.0 5.26530928742
6555.23538832 4930.82286016 4193.66203901 176.083681731 2900.0 2900.0 5.27787565803
6559.52328347 4930.80394008 4193.81377036 176.381845511 2900.0 2900.0 5.29044202865
6379.235521 4990.2384051 4193.85033564 168.089645519 3000.0 3000.0 4.6369907567
6563.81217438 4930.7850372 4193.96497382 176.679587887 2900.0 2900.0 5.30300839926
6383.42849769 4990.21648053 4194.05167648 168.427117614 3000.0 3000.0 4.64955712731
6568.10205752 4930.76615149 4194.11565204 176.976909685 2900.0 2900.0 5.31557476987
6387.62275313 4990.19457627 4194.25227998 168.764102889 3000.0 3000.0 4.66212349793
6572.39292935 4930.74728293 4194.26580761 177.273811731 2900.0 2900.0 5.32814114049
6576.68478638 4930.7284315 4194.41544314 177.570294848 2900.0 2900.0 5.3407075111
6391.81828246 4990.17269228 4194.45214995 169.100602308 3000.0 3000.0 4.67468986854
6580.97762513 4930.70959717 4194.56456119 177.866359858 2900.0 2900.0 5.35327388172
6396.01508083 4990.15082855 4194.65129017 169.436616832 3000.0 3000.0 4.68725623916
6400.21314341 4990.12898503 4194.84970439 169.772147422 3000.0 3000.0 4.69982260977
6404.41246542 4990.10716171 4195.04739635 170.107195035 3000.0 3000.0 4.71238898038
6408.61304209 4990.08535856 4195.24436977 170.441760626 3000.0 3000.0 4.724955351
6412.81486868 4990.06357554 4195.44062832 170.775845148 3000.0 3000.0 4.73752172161
6417.01794048 4990.04181263 4195.63617567 171.109449551 3000.0 3000.0 4.75008809223
6421.2222528 4990.0200698 4195.83101547 171.442574784 3000.0 3000.0 4.76265446284
6425.42780098 4989.99834703 4196.02515131 171.775221793 3000.0 3000.0 4.77522083346
6429.63458039 4989.97664429 4196.21858681 172.107391522 3000.0 3000.0 4.78778720407
6433.84258641 4989.95496154 4196.41132552 172.439084913 3000.0 3000.0 4.80035357469
6438.05181446 4989.93329877 4196.603371 172.770302904 3000.0 3000.0 4.8129199453
6442.26225998 4989.91165594 4196.79472676 173.101046434 3000.0 3000.0 4.82548631591
6446.47391843 4989.89003303 4196.98539632 173.431316437 3000.0 3000.0 4.83805268653
6450.68678531 4989.86843 4197.17538315 173.761113845 3000.0 3000.0 4.85061905714
6454.90085614 4989.84684684 4197.36469071 174.09043959 3000.0 3000.0 4.86318542776
6459.11612644 4989.82528352 4197.55332243 174.419294599 3000.0 3000.0 4.87575179837
6335.01858036 5050.41270191 4197.59752672 168.268188434 3100.0 3100.0 4.3730969738
6463.33259178 4989.80374 4197.74128173 174.747679799 3000.0 3000.0 4.88831816899
6339.14217836 5050.38810203 4197.83582304 168.633193273 3100.0 3100.0 4.38566334441
6467.55024775 4989.78221627 4197.928572 175.075596114 3000.0 3000.0 4.9008845396
6343.26723924 5050.36352505 4198.07324522 168.997669882 3100.0 3100.0 4.39822971503
6471.76908996 4989.76071229 4198.11519661 175.403044465 3000.0 3000.0 4.91345091021
6475.98911404 4989.73922803 4198.30115891 175.730025772 3000.0 3000.0 4.92601728083
6347.39375738 5050.33897094 4198.3097977 169.361619304 3100.0 3100.0 4.41079608564
6480.21031566 4989.71776348 4198.48646223 176.056540953 3000.0 3000.0 4.93858365144
6351.52172718 5050.31443966 4198.54548495 169.725042576 3100.0 3100.0 4.42336245625
6484.4326905 4989.69631859 4198.67110988 176.382590922 3000.0 3000.0 4.95115002206
6355.6511431 5050.28993119 4198.78031135 170.087940733 3100.0 3100.0 4.43592882687
6488.65623425 4989.67489336 4198.85510514 176.708176593 3000.0 3000.0 4.96371639267
6359.7819996 5050.26544549 4199.01428131 170.45031481 3100.0 3100.0 4.44849519748
6492.88094266 4989.65348774 4199.03845128 177.033298877 3000.0 3000.0 4.97628276329
6497.10681146 4989.63210171 4199.22115154 177.357958682 3000.0 3000.0 4.9888491339
6363.91429119 5050.24098253 4199.24739917 170.812165837 3100.0 3100.0 4.4610615681
6501.33383644 4989.61073526 4199.40320915 177.682156915 3000.0 3000.0 5.00141550451
6368.0480124 5050.21654229 4199.47966925 171.173494842 3100.0 3100.0 4.47362793871
6372.18315778 5050.19212472 4199.71109587 171.534302853 3100.0 3100.0 4.48619430933
6376.31972194 5050.1677298 4199.9416833 171.894590892 3100.0 3100.0 4.49876067994
6380.4576995 5050.14335749 4200.17143577 172.254359981 3100.0 3100.0 4.51132705055
6384.5970851 5050.11900777 4200.40035752 172.613611139 3100.0 3100.0 4.52389342117
6302.70364472 5111.83206765 4200.49048106 168.216010628 3200.0 3200.0 4.13433593212
6388.73787343 5050.0946806 4200.62845273 172.972345384 3100.0 3100.0 4.53645979178
6306.75490559 5111.80464048 4200.7683693 168.608670601 3200.0 3200.0 4.14690230274
6392.88005918 5050.07037595 4200.85572558 173.330563728 3100.0 3100.0 4.5490261624
6310.80781619 5111.77723893 4201.04524347 169.000761489 3200.0 3200.0 4.15946867335
6397.02363711 5050.0460938 4201.08218021 173.688267184 3100.0 3100.0 4.56159253301
6401.16860197 5050.0218341 4201.30782073 174.045456762 3100.0 3100.0 4.57415890363
6314.86237021 5111.74986299 4201.32110865 169.392284407 3200.0 3200.0 4.17203504397
6405.31494856 5049.99759684 4201.53265124 174.402133468 3100.0 3100.0 4.58672527424
6318.91856137 5111.72251261 4201.59596988 169.783240462 3200.0 3200.0 4.18460141458
6409.46267169 5049.97338197 4201.75667579 174.758298308 3100.0 3100.0 4.59929164486
6322.9763834 5111.69518776 4201.86983219 170.173630765 3200.0 3200.0 4.1971677852
6413.61176623 5049.94918947 4201.97989844 175.113952285 3100.0 3100.0 4.61185801547
6327.0358301 5111.66788839 4202.14270058 170.563456419 3200.0 3200.0 4.20973415581
6417.76222704 5049.92501931 4202.2023232 175.469096398 3100.0 3100.0 4.62442438608
6331.09689528 5111.64061449 4202.41457999 170.952718527 3200.0 3200.0 4.22230052642
6421.91404903 5049.90087145 4202.42395405 175.823731644 3100.0 3100.0 4.6369907567
6281.99012095 5174.44527178 4202.63879622 168.063849111 3300.0 3300.0 3.92070763168
6426.06722712 5049.87674587 4202.64479496 176.177859021 3100.0 3100.0 4.64955712731
6335.15957279 5111.613366 4202.68547536 171.341418189 3200.0 3200.0 4.23486689704
6430.22175629 5049.85264253 4202.86484988 176.531479521 3100.0 3100.0 4.66212349793
6339.2238565 5111.58614291 4202.95539159 171.729556504 3200.0 3200.0 4.24743326765
6285.96719653 5174.4148777 4202.95808833 168.484031273 3300.0 3300.0 3.93327400229
6434.37763151 5049.8285614 4203.08412272 176.884594135 3100.0 3100.0 4.67468986854
6343.28974033 5111.55894516 4203.22433356 172.117134566 3200.0 3200.0 4.25999963827
6289.94610496 5174.3845121 4203.27622921 168.903604583 3300.0 3300.0 3.94584037291
6438.5348478 5049.80450246 4203.30261737 177.237203851 3100.0 3100.0 4.68725623916
6347.35721821 5111.53177272 4203.4923061 172.504153467 3200.0 3200.0 4.27256600888
6442.69340019 5049.78046568 4203.52033771 177.589309656 3100.0 3100.0 4.69982260977
6293.92683931 5174.35417495 4203.59322447 169.322570222 3300.0 3300.0 3.95840674352
6446.85328375 5049.75645101 4203.73728757 177.940912535 3100.0 3100.0 4.71238898038
6351.42628414 5111.50462557 4203.75931402 172.890614299 3200.0 3200.0 4.2851323795
6297.90939269 5174.32386621 4203.9090797 169.740929367 3300.0 3300.0 3.97097311414
6355.49693211 5111.47750366 4204.02536212 173.276518148 3200.0 3200.0 4.29769875011
6301.89375825 5174.29358584 4204.22380045 170.15868319 3300.0 3300.0 3.98353948475
6359.56915616 5111.45040696 4204.29045514 173.6618661 3200.0 3200.0 4.31026512073
6305.87992917 5174.26333381 4204.53739221 170.575832864 3300.0 3300.0 3.99610585537
6363.64295036 5111.42333544 4204.55459781 174.046659238 3200.0 3200.0 4.32283149134
6276.42529582 5238.16694392 4204.55815241 168.398019466 3400.0 3400.0 3.74477844308
6367.71830883 5111.39628906 4204.81779483 174.430898642 3200.0 3200.0 4.33539786195
6309.86789866 5174.23311006 4204.84986049 170.992379558 3300.0 3300.0 4.00867222598
6280.32959527 5238.13348938 4204.91842186 168.844684924 3400.0 3400.0 3.75734481369
6371.79522567 5111.36926778 4205.08005088 174.814585388 3200.0 3200.0 4.34796423257
6313.85765997 5174.20291456 4205.16121072 171.408324439 3300.0 3300.0 4.02123859659
6383.02593159 5642.4558306 4205.23738068 168.469635773 4000.0 4000.0 2.96566346499
6284.23589297 5238.10006623 4205.27741771 169.290704605 3400.0 3400.0 3.76991118431
6375.87369507 5111.34227158 4205.34137058 175.197720554 3200.0 3200.0 4.36053060318
6273.90402432 5303.04509444 4205.35452784 168.021001051 3500.0 3500.0 3.56884925448
6317.84920638 5174.17274728 4205.47144833 171.823668669 3300.0 3300.0 4.03380496721
6379.95371122 5111.31530041 4205.60175857 175.580305212 3200.0 3200.0 4.3730969738
6288.14418156 5238.06667444 4205.63514593 169.736079746 3400.0 3400.0 3.78247755492
6277.73224645 5303.00840823 4205.75817333 168.494795674 3500.0 3500.0 3.58141562509
6321.84253121 5174.14260817 4205.78057871 172.23841341 3300.0 3300.0 4.04637133782
6386.49939174 5642.40155582 4205.84134012 169.068820129 4000.0 4000.0 2.9782298356
6384.03526833 5111.28835424 4205.86121942 175.962340431 3200.0 3200.0 4.38566334441
6350.8352242 5572.66115474 4205.96706145 168.474678421 3900.0 3900.0 3.0661944299
6292.0544537 5238.03331396 4205.99161247 170.180811582 3400.0 3400.0 3.79504392554
6320.73325569 5503.82043349 4206.02519884 168.050221434 3800.0 3800.0 3.16672539482
6325.8376278 5174.1124972 4206.08860722 172.65255982 3300.0 3300.0 4.05893770844
6388.11836067 5111.26143304 4206.11975769 176.343827281 3200.0 3200.0 4.39822971503
6281.56263085 5302.97175649 4206.16042489 168.967907192 3500.0 3500.0 3.59398199571
6285.70573071 5368.92637985 4206.32887618 168.42163277 3600.0 3600.0 3.43061917772
6295.9667021 5237.99998474 4206.34682325 170.624901343 3400.0 3400.0 3.80761029615
6392.20298252 5111.23453677 4206.37737791 176.724766826 3200.0 3200.0 4.41079608564
6300.11973968 5435.87791429 4206.37777843 168.249162639 3700.0 3700.0 3.29238910096
6329.83448955 5174.08241432 4206.39553918 173.066109056 3300.0 3300.0 4.07150407905
6389.97554402 5642.34733167 4206.44356248 169.667165618 4000.0 4000.0 2.99079620622
6354.37687211 5572.61059714 4206.53306064 169.04964806 3900.0 3900.0 3.07876080052
6324.34299426 5503.77346876 4206.55308007 168.601067353 3800.0 3800.0 3.17929176543
6285.39516979 5302.93513917 4206.56128879 169.440336896 3500.0 3500.0 3.60654836632
6396.28912818 5111.2076654 4206.6340846 177.105160131 3200.0 3200.0 4.42336245625
6299.88091951 5237.96668676 4206.70078417 171.068350259 3400.0 3400.0 3.82017666677
6333.83310987 5174.05235949 4206.7013799 173.479062271 3300.0 3300.0 4.08407044967
6289.46186235 5368.88640355 4206.77347287 168.921013689 3600.0 3600.0 3.44318554833
6303.80207339 5435.83449652 4206.8644492 168.774499286 3700.0 3700.0 3.30495547158
6400.37679201 5111.1808189 4206.88988222 177.485008254 3200.0 3200.0 4.43592882687
6289.22985559 5302.89855622 4206.96077127 169.912086077 3500.0 3500.0 3.61911473694
6337.83348221 5174.02233269 4207.00613463 173.891420616 3300.0 3300.0 4.09663682028
6393.454381 5642.29315808 4207.04405353 170.264673705 4000.0 4000.0 3.00336257683
6303.79709868 5237.93341995 4207.05350106 171.511159555 3400.0 3400.0 3.83274303738
6327.95526882 5503.72654805 4207.07931136 169.151131192 3800.0 3800.0 3.19185813605
6357.9211396 5572.56008681 4207.09736101 169.623806965 3900.0 3900.0 3.09132717113
6404.46596839 5111.15399722 4207.14477523 177.864312255 3200.0 3200.0 4.44849519748
6293.22029206 5368.8464648 4207.21657954 169.41967791 3600.0 3600.0 3.45575191895
6341.83560006 5173.99233386 4207.30980862 174.303185238 3300.0 3300.0 4.1092031909
6307.48683299 5435.79111951 4207.34954193 169.299085741 3700.0 3700.0 3.31752184219
6293.0666806 5302.86200761 4207.35887855 170.383156021 3500.0 3500.0 3.63168110755
6307.71523244 5237.90018428 4207.40497977 171.953330455 3400.0 3400.0 3.84530940799
6331.5700715 5503.6796713 4207.60389898 169.700414366 3800.0 3800.0 3.20442450666
6345.83945692 5173.96236297 4207.61240707 174.714357285 3300.0 3300.0 4.12176956151
6396.93589528 5642.23903498 4207.64281898 170.861345852 4000.0 4000.0 3.01592894745
6296.98101195 5368.80656354 4207.65820257 169.91762677 3600.0 3600.0 3.46831828956
6361.468019 5572.5096237 4207.6599686 170.197156577 3900.0 3900.0 3.10389354175
6311.63531362 5237.8669797 4207.75522607 172.394864179 3400.0 3400.0 3.85787577861
6296.90563719 5302.82549327 4207.75561679 170.853548011 3500.0 3500.0 3.64424747816
6311.17401054 5435.74778318 4207.83306302 169.822923383 3700.0 3700.0 3.33008821281
6349.84504635 5173.93241998 4207.91393516 175.124937898 3300.0 3300.0 4.13433593212
6300.74401417 5368.76669972 4208.09834831 170.414861601 3600.0 3600.0 3.48088466018
6315.5573351 5237.83380617 4208.10424574 172.835761946 3400.0 3400.0 3.87044214922
6335.18739445 5503.63283846 4208.12684918 170.248918286 3800.0 3800.0 3.21699087728
6300.74671778 5302.78901316 4208.15099216 171.323263328 3500.0 3500.0 3.65681384878
6353.85236193 5173.90250485 4208.21439804 175.534928219 3300.0 3300.0 4.14690230274
6365.01750264 5572.45920774 4208.22088944 170.769698335 3900.0 3900.0 3.11645991236
6400.42007948 5642.1849623 4208.23986457 171.45718352 4000.0 4000.0 3.02849531806
6314.86359812 5435.7044875 4208.31501881 170.346013588 3700.0 3700.0 3.34265458342
6319.48128979 5237.80066365 4208.45204449 173.276024971 3400.0 3400.0 3.88300851984
6357.86139728 5173.87261755 4208.51380083 175.944329385 3300.0 3300.0 4.15946867335
6304.50929092 5368.72687329 4208.53702307 170.911383737 3600.0 3600.0 3.49345103079
6304.5899148 5302.75256723 4208.54501076 171.792303252 3500.0 3500.0 3.66938021939
6338.80722984 5503.58604945 4208.64816819 170.796644361 3800.0 3800.0 3.22955724789
6368.56958289 5572.40883886 4208.78012952 171.341433674 3900.0 3900.0 3.12902628298
6318.55558786 5435.6612324 4208.79541564 170.868357728 3700.0 3700.0 3.35522095403
6323.40717064 5237.7675521 4208.79862804 173.715654467 3400.0 3400.0 3.89557489045
6361.87214604 5173.84275803 4208.8121486 176.353142533 3300.0 3300.0 4.17203504397
6403.90692622 5642.13093996 4208.83519599 172.052188166 4000.0 4000.0 3.04106168867
6308.43522076 5302.71615544 4208.93767869 172.260669058 3500.0 3500.0 3.68194659001
6308.2768344 5368.68708419 4208.97423314 171.407194504 3600.0 3600.0 3.50601740141
6365.88460188 5173.81292626 4209.10944643 176.761368794 3300.0 3300.0 4.18460141458
6327.33497062 5237.73447147 4209.14400205 174.154651645 3400.0 3400.0 3.90814126107
6342.42956986 5503.53930423 4209.16786222 171.343593996 3800.0 3800.0 3.2421236185
6322.2499719 5435.61801782 4209.27425981 171.389957173 3700.0 3700.0 3.36778732465
6312.28262815 5302.67977774 4209.329002 172.728362019 3500.0 3500.0 3.69451296062
6372.12425212 5572.358517 4209.33769484 171.912364027 3900.0 3900.0 3.14159265359
6369.89875852 5173.7831222 4209.40569935 177.1690093 3300.0 3300.0 4.1971677852
6312.04663686 5368.64733238 4209.40998479 171.902295228 3600.0 3600.0 3.51858377202
6407.39642816 5642.07696791 4209.42881892 172.646361244 4000.0 4000.0 3.05362805929
6331.26468275 5237.70142171 4209.48817215 174.59301771 3400.0 3400.0 3.92070763168
6346.05440675 5503.49260272 4209.68593744 171.889768595 3800.0 3800.0 3.25468998912
6373.9146097 5173.7533458 4209.70091235 177.576065179 3300.0 3300.0 4.20973415581
6316.13212954 5302.64343408 4209.71898671 173.195383405 3500.0 3500.0 3.70707933124
6325.94674242 5435.57484371 4209.75155761 171.910813291 3700.0 3700.0 3.38035369526
6335.19630006 5237.66840279 4209.83114396 175.03075387 3400.0 3400.0 3.93327400229
6315.81869059 5368.6076178 4209.84428424 172.396687233 3600.0 3600.0 3.53115014263
6375.68150274 5572.3082421 4209.89359136 172.482490826 3900.0 3900.0 3.1541590242
6377.93214919 5173.72359704 4209.99509042 177.982537555 3300.0 3300.0 4.22230052642
6410.88857796 5642.02304607 4210.02073905 173.239704208 4000.0 4000.0 3.0661944299
6319.98371749 5302.60712441 4210.10763884 173.661734485 3500.0 3500.0 3.71964570185
6339.12981565 5237.63541467 4210.17292305 175.467861325 3400.0 3400.0 3.94584037291
6349.68173275 5503.44594487 4210.20240003 172.435169559 3800.0 3800.0 3.26725635973
6329.64589161 5435.53171001 4210.22731529 172.430927445 3700.0 3700.0 3.39292006588
6319.59298788 5368.5679404 4210.27713771 172.890371838 3600.0 3600.0 3.54371651325
6379.24132718 5572.25801408 4210.44782502 173.051815498 3900.0 3900.0 3.16672539482
6323.83738462 5302.57084869 4210.49496433 174.127416522 3500.0 3500.0 3.73221207246
6343.06522261 5237.60245729 4210.51351497 175.904341276 3400.0 3400.0 3.95840674352
6414.38336831 5641.96917436 4210.61096203 173.832218506 4000.0 4000.0 3.07876080052
6333.34741172 5435.48861667 4210.70153907 172.950300999 3700.0 3700.0 3.40548643649
6323.36952109 5368.52830013 4210.70855135 173.383350362 3600.0 3600.0 3.55628288386
6353.31154014 5503.39933062 4210.71725611 172.979798284 3800.0 3800.0 3.27982273035
6347.0025141 5237.56953062 4210.85292524 176.340194919 3400.0 3400.0 3.97097311414
6327.69312359 5302.53460687 4210.88096913 174.59243078 3500.0 3500.0 3.74477844308
6382.80371789 5572.20783288 4211.00040175 173.620339468 3900.0 3900.0 3.17929176543
6327.14828258 5368.48869694 4211.13853132 173.875624118 3600.0 3600.0 3.56884925448
6337.051295 5435.44556363 4211.17423517 173.468935312 3700.0 3700.0 3.41805280711
6350.9416833 5237.53663462 4211.19115934 176.775423449 3400.0 3400.0 3.98353948475
6417.88079191 5641.91535273 4211.1994935 174.423905587 4000.0 4000.0 3.09132717113
6356.94382122 5503.35275991 4211.23051181 173.523656167 3800.0 3800.0 3.29238910096
6331.55092706 5302.4983989 4211.26565915 175.056778518 3500.0 3500.0 3.75734481369
6354.8827234 5237.50376924 4211.52822274 177.210028059 3400.0 3400.0 3.99610585537
6386.36866734 5572.15769845 4211.55132747 174.18806416 3900.0 3900.0 3.19185813605
6330.92926477 5368.44913077 4211.56708374 174.36719442 3600.0 3600.0 3.58141562509
6340.75753375 5435.40255083 4211.64540974 173.986831739 3700.0 3700.0 3.43061917772
6335.41078776 5302.46222473 4211.64904026 175.520460993 3500.0 3500.0 3.76991118431
6360.57856832 5503.30623267 4211.74217322 174.0667446 3800.0 3800.0 3.30495547158
6421.38084149 5641.86158111 4211.78633908 175.014766894 4000.0 4000.0 3.10389354175
6358.82562765 5237.47093444 4211.86412086 177.644009937 3400.0 3400.0 4.00867222598
6334.71246008 5368.40960158 4211.9942147 174.858062577 3600.0 3600.0 3.59398199571
6339.27269842 5302.42608432 4212.03111832 175.98347946 3500.0 3500.0 3.78247755492
6389.93616802 5572.10761071 4212.10060807 174.754990993 3900.0 3900.0 3.20442450666
6344.46612028 5435.35957822 4212.11506896 174.503991634 3700.0 3700.0 3.44318554833
6364.2157738 5503.25974885 4212.2522464 174.609064973 3800.0 3800.0 3.31752184219
6424.88350979 5641.80785942 4212.37150439 175.60480387 4000.0 4000.0 3.11645991236
6343.13665183 5302.38997762 4212.41189913 176.44583517 3500.0 3500.0 3.79504392554
6338.49786099 5368.37010931 4212.41993025 175.348229895 3600.0 3600.0 3.60654836632
6348.17704694 5435.31664574 4212.58321893 175.02041635 3700.0 3700.0 3.45575191895
6393.50621244 5572.0575696 4212.64824941 175.321121386 3900.0 3900.0 3.21699087728
6367.85543002 5503.21330839 4212.76073742 175.150618673 3800.0 3800.0 3.33008821281
6347.00264079 5302.35390459 4212.79138849 176.907529373 3500.0 3500.0 3.80761029615
6342.28545999 5368.33065391 4212.84423644 175.837697678 3600.0 3600.0 3.61911473694
6428.38878957 5641.75418759 4212.95499502 176.194017955 4000.0 4000.0 3.12902628298
6351.89030611 5435.27375334 4213.04986577 175.536107234 3700.0 3700.0 3.46831828956
6350.87065815 5302.31786517 4213.16959216 177.368563314 3500.0 3500.0 3.82017666677
6397.07879315 5572.00757505 4213.19425735 175.886456752 3900.0 3900.0 3.22955724789
6346.07524962 5368.29123533 4213.26713926 176.326467229 3600.0 3600.0 3.63168110755
6371.4975294 5503.16691122 4213.26765229 175.691407085 3800.0 3800.0 3.34265458342
6355.6058902 5435.23090096 4213.51501555 176.051065633 3700.0 3700.0 3.48088466018
6431.89667361 5641.70056556 4213.53681655 176.782410584 4000.0 4000.0 3.14159265359
6354.74069678 5302.28185933 4213.54651587 177.828938238 3500.0 3500.0 3.83274303738
6349.86722242 5368.25185352 4213.68864471 176.814539845 3600.0 3600.0 3.64424747816
6400.6539027 5571.95762701 4213.73863772 176.450998505 3900.0 3900.0 3.2421236185
6375.14206436 5503.12055729 4213.77299701 176.23143159 3800.0 3800.0 3.35522095403
6359.32379164 5435.18808854 4213.97867431 176.565292889 3700.0 3700.0 3.49345103079
6353.66137099 5368.21250843 4214.10875872 177.301916824 3600.0 3600.0 3.65681384878
6435.4071547 5641.64699327 4214.11697456 177.369983194 4000.0 4000.0 3.1541590242
6378.78902735 5503.07424654 4214.27677758 176.770693569 3800.0 3800.0 3.36778732465
6404.23153368 5571.90772541 4214.28139634 177.014748054 3900.0 3900.0 3.25468998912
6363.04400288 5435.14531604 4214.44084808 177.078790343 3700.0 3700.0 3.50601740141
6357.45768796 5368.17320001 4214.52748722 177.788599458 3600.0 3600.0 3.66938021939
6438.92022566 5641.59347063 4214.69547458 177.956737215 4000.0 4000.0 3.16672539482
6382.43841087 5503.02797891 4214.77899995 177.309194397 3800.0 3800.0 3.38035369526
6407.81167869 5571.85787018 4214.822539 177.577706806 3900.0 3900.0 3.26725635973
6366.76651642 5435.10258339 4214.90154285 177.591559332 3700.0 3700.0 3.51858377202
6386.09020741 5502.98175433 4215.27967005 177.846935448 3800.0 3800.0 3.39292006588
