8881.92351526 5047.98077842 4636.37544315 168.00486644 2300.0 2300.0 12.2773440902
8886.0528779 5047.97673326 4636.38953527 168.098298127 2300.0 2300.0 12.2899104608
8890.1823649 5047.97269067 4636.40360043 168.191640792 2300.0 2300.0 12.3024768315
8894.31197604 5047.96865064 4636.41763869 168.284894558 2300.0 2300.0 12.3150432021
8898.44171112 5047.96461318 4636.43165014 168.378059552 2300.0 2300.0 12.3276095727
8902.57156993 5047.96057828 4636.44563484 168.471135895 2300.0 2300.0 12.3401759433
8906.70155226 5047.95654593 4636.45959288 168.564123711 2300.0 2300.0 12.3527423139
8910.83165789 5047.95251614 4636.47352434 168.657023123 2300.0 2300.0 12.3653086845
8914.96188662 5047.9484889 4636.48742927 168.749834255 2300.0 2300.0 12.3778750551
8919.09223825 5047.94446422 4636.50130777 168.84255723 2300.0 2300.0 12.3904414258
8923.22271255 5047.94044208 4636.51515991 168.935192169 2300.0 2300.0 12.4030077964
8927.35330934 5047.93642249 4636.52898575 169.027739195 2300.0 2300.0 12.415574167
8931.48402839 5047.93240544 4636.54278538 169.12019843 2300.0 2300.0 12.4281405376
8935.61486951 5047.92839094 4636.55655887 169.212569996 2300.0 2300.0 12.4407069082
8939.74583249 5047.92437897 4636.57030629 169.304854015 2300.0 2300.0 12.4532732788
8943.87691712 5047.92036954 4636.58402771 169.397050609 2300.0 2300.0 12.4658396494
8948.00812321 5047.91636264 4636.59772321 169.489159897 2300.0 2300.0 12.4784060201
8952.13945053 5047.91235827 4636.61139286 169.581182002 2300.0 2300.0 12.4909723907
8956.27089891 5047.90835644 4636.62503673 169.673117044 2300.0 2300.0 12.5035387613
8960.40246812 5047.90435713 4636.6386549 169.764965144 2300.0 2300.0 12.5161051319
8964.53415796 5047.90036034 4636.65224743 169.856726421 2300.0 2300.0 12.5286715025
8968.66596825 5047.89636608 4636.6658144 169.948400997 2300.0 2300.0 12.5412378731
8972.79789876 5047.89237433 4636.67935588 170.039988991 2300.0 2300.0 12.5538042437
8426.07282298 5093.94907067 4645.36367614 168.074200008 2400.0 2400.0 10.819645099
8430.17373095 5093.94403452 4645.38456326 168.186962541 2400.0 2400.0 10.8322114696
8434.27480693 5093.93900168 4645.40540595 168.299612205 2400.0 2400.0 10.8447778402
8438.37605061 5093.93397214 4645.42620433 168.412149165 2400.0 2400.0 10.8573442108
8442.47746166 5093.92894592 4645.44695855 168.524573584 2400.0 2400.0 10.8699105814
8446.57903977 5093.92392299 4645.46766875 168.636885627 2400.0 2400.0 10.882476952
8450.68078462 5093.91890336 4645.48833506 168.749085456 2400.0 2400.0 10.8950433226
8454.78269589 5093.91388703 4645.50895762 168.861173236 2400.0 2400.0 10.9076096933
8458.88477328 5093.90887399 4645.52953658 168.973149128 2400.0 2400.0 10.9201760639
8462.98701647 5093.90386424 4645.55007206 169.085013296 2400.0 2400.0 10.9327424345
8467.08942515 5093.89885778 4645.5705642 169.196765901 2400.0 2400.0 10.9453088051
8471.19199901 5093.8938546 4645.59101315 169.308407106 2400.0 2400.0 10.9578751757
8475.29473773 5093.8888547 4645.61141902 169.419937073 2400.0 2400.0 10.9704415463
8479.39764101 5093.88385808 4645.63178196 169.531355962 2400.0 2400.0 10.9830079169
8483.50070854 5093.87886473 4645.65210211 169.642663935 2400.0 2400.0 10.9955742876
8487.60394001 5093.87387464 4645.67237959 169.753861152 2400.0 2400.0 11.0081406582
8491.70733511 5093.86888783 4645.69261453 169.864947774 2400.0 2400.0 11.0207070288
8495.81089354 5093.86390428 4645.71280708 169.975923962 2400.0 2400.0 11.0332733994
8499.91461499 5093.85892399 4645.73295736 170.086789874 2400.0 2400.0 11.04583977
8504.01849916 5093.85394696 4645.7530655 170.197545671 2400.0 2400.0 11.0584061406
8508.12254575 5093.84897318 4645.77313163 170.308191511 2400.0 2400.0 11.0709725113
8512.22675444 5093.84400265 4645.79315588 170.418727555 2400.0 2400.0 11.0835388819
8516.33112495 5093.83903537 4645.81313839 170.529153959 2400.0 2400.0 11.0961052525
8520.43565697 5093.83407133 4645.83307928 170.639470884 2400.0 2400.0 11.1086716231
8524.54035019 5093.82911054 4645.85297868 170.749678486 2400.0 2400.0 11.1212379937
8528.64520433 5093.82415298 4645.87283672 170.859776924 2400.0 2400.0 11.1338043643
8532.75021908 5093.81919866 4645.89265352 170.969766354 2400.0 2400.0 11.1463707349
8536.85539414 5093.81424757 4645.91242922 171.079646935 2400.0 2400.0 11.1589371056
8540.96072922 5093.80929971 4645.93216393 171.189418824 2400.0 2400.0 11.1715034762
8545.06622402 5093.80435507 4645.95185779 171.299082175 2400.0 2400.0 11.1840698468
8549.17187825 5093.79941366 4645.97151092 171.408637147 2400.0 2400.0 11.1966362174
8553.27769162 5093.79447546 4645.99112344 171.518083895 2400.0 2400.0 11.209202588
8557.38366382 5093.78954049 4646.01069549 171.627422575 2400.0 2400.0 11.2217689586
8561.48979457 5093.78460872 4646.03022717 171.736653342 2400.0 2400.0 11.2343353292
8565.59608357 5093.77968017 4646.04971862 171.845776351 2400.0 2400.0 11.2469016999
8569.70253054 5093.77475482 4646.06916996 171.954791758 2400.0 2400.0 11.2594680705
8573.80913518 5093.76983267 4646.08858131 172.063699716 2400.0 2400.0 11.2720344411
8577.9158972 5093.76491373 4646.1079528 172.172500381 2400.0 2400.0 11.2846008117
8582.02281633 5093.75999798 4646.12728454 172.281193905 2400.0 2400.0 11.2971671823
8586.12989226 5093.75508542 4646.14657665 172.389780444 2400.0 2400.0 11.3097335529
8590.23712471 5093.75017606 4646.16582926 172.498260149 2400.0 2400.0 11.3222999235
8594.3445134 5093.74526989 4646.18504249 172.606633175 2400.0 2400.0 11.3348662942
8598.45205803 5093.7403669 4646.20421645 172.714899674 2400.0 2400.0 11.3474326648
8602.55975834 5093.73546709 4646.22335126 172.823059799 2400.0 2400.0 11.3599990354
8606.66761402 5093.73057046 4646.24244705 172.931113702 2400.0 2400.0 11.372565406
8610.77562481 5093.725677 4646.26150393 173.039061535 2400.0 2400.0 11.3851317766
8614.8837904 5093.72078672 4646.28052201 173.14690345 2400.0 2400.0 11.3976981472
8618.99211054 5093.71589961 4646.29950142 173.254639598 2400.0 2400.0 11.4102645178
8623.10058493 5093.71101567 4646.31844227 173.362270131 2400.0 2400.0 11.4228308885
8627.20921329 5093.70613488 4646.33734468 173.469795199 2400.0 2400.0 11.4353972591
8631.31799535 5093.70125726 4646.35620877 173.577214953 2400.0 2400.0 11.4479636297
8635.42693082 5093.6963828 4646.37503464 173.684529543 2400.0 2400.0 11.4605300003
8639.53601944 5093.69151149 4646.39382241 173.79173912 2400.0 2400.0 11.4730963709
8643.64526092 5093.68664333 4646.4125722 173.898843832 2400.0 2400.0 11.4856627415
8647.75465498 5093.68177831 4646.43128413 174.005843831 2400.0 2400.0 11.4982291121
8651.86420135 5093.67691645 4646.44995829 174.112739264 2400.0 2400.0 11.5107954828
8655.97389976 5093.67205772 4646.46859482 174.219530281 2400.0 2400.0 11.5233618534
8660.08374993 5093.66720213 4646.48719382 174.32621703 2400.0 2400.0 11.535928224
8664.19375159 5093.66234968 4646.50575539 174.43279966 2400.0 2400.0 11.5484945946
8668.30390447 5093.65750037 4646.52427966 174.53927832 2400.0 2400.0 11.5610609652
8672.4142083 5093.65265418 4646.54276674 174.645653156 2400.0 2400.0 11.5736273358
8676.52466279 5093.64781112 4646.56121673 174.751924317 2400.0 2400.0 11.5861937064
8680.63526769 5093.64297118 4646.57962975 174.858091949 2400.0 2400.0 11.5987600771
8684.74602273 5093.63813436 4646.5980059 174.9641562 2400.0 2400.0 11.6113264477
8688.85692763 5093.63330066 4646.6163453 175.070117217 2400.0 2400.0 11.6238928183
8692.96798213 5093.62847008 4646.63464805 175.175975146 2400.0 2400.0 11.6364591889
8697.07918596 5093.6236426 4646.65291426 175.281730133 2400.0 2400.0 11.6490255595
8701.19053885 5093.61881824 4646.67114405 175.387382325 2400.0 2400.0 11.6615919301
8705.30204054 5093.61399698 4646.68933751 175.492931866 2400.0 2400.0 11.6741583007
8709.41369076 5093.60917882 4646.70749476 175.598378903 2400.0 2400.0 11.6867246714
8713.52548925 5093.60436377 4646.7256159 175.703723581 2400.0 2400.0 11.699291042
8717.63743575 5093.59955181 4646.74370104 175.808966044 2400.0 2400.0 11.7118574126
8721.74952998 5093.59474294 4646.76175029 175.914106437 2400.0 2400.0 11.7244237832
8725.8617717 5093.58993717 4646.77976374 176.019144904 2400.0 2400.0 11.7369901538
8729.97416063 5093.58513448 4646.79774152 176.12408159 2400.0 2400.0 11.7495565244
8734.08669652 5093.58033488 4646.81568371 176.228916639 2400.0 2400.0 11.762122895
8738.19937911 5093.57553835 4646.83359043 176.333650193 2400.0 2400.0 11.7746892657
8742.31220813 5093.57074491 4646.85146177 176.438282397 2400.0 2400.0 11.7872556363
8746.42518333 5093.56595455 4646.86929785 176.542813393 2400.0 2400.0 11.7998220069
8750.53830444 5093.56116725 4646.88709876 176.647243325 2400.0 2400.0 11.8123883775
8754.65157122 5093.55638303 4646.90486462 176.751572334 2400.0 2400.0 11.8249547481
8758.76498341 5093.55160187 4646.92259551 176.855800563 2400.0 2400.0 11.8375211187
8762.87854074 5093.54682378 4646.94029155 176.959928154 2400.0 2400.0 11.8500874893
8766.99224297 5093.54204875 4646.95795283 177.063955248 2400.0 2400.0 11.86265386
8771.10608983 5093.53727677 4646.97557945 177.167881988 2400.0 2400.0 11.8752202306
8775.22008108 5093.53250786 4646.99317153 177.271708514 2400.0 2400.0 11.8877866012
8779.33421646 5093.52774199 4647.01072915 177.375434968 2400.0 2400.0 11.9003529718
8783.44849572 5093.52297917 4647.02825241 177.47906149 2400.0 2400.0 11.9129193424
8787.5629186 5093.5182194 4647.04574143 177.58258822 2400.0 2400.0 11.925485713
8791.67748486 5093.51346268 4647.06319628 177.686015299 2400.0 2400.0 11.9380520836
8795.79219424 5093.50870899 4647.08061709 177.789342867 2400.0 2400.0 11.9506184543
8799.90704649 5093.50395834 4647.09800393 177.892571064 2400.0 2400.0 11.9631848249
8804.02204136 5093.49921073 4647.11535692 177.995700028 2400.0 2400.0 11.9757511955
8074.06658916 5141.43285648 4653.9948134 168.104334302 2500.0 2500.0 9.66353900244
8078.13591268 5141.42671848 4654.02460019 168.237267703 2500.0 2500.0 9.67610537306
8082.20545715 5141.42058463 4654.05431765 168.37006275 2500.0 2500.0 9.68867174367
8086.27522209 5141.41445493 4654.08396603 168.502719651 2500.0 2500.0 9.70123811429
8090.34520705 5141.40832938 4654.11354556 168.635238613 2500.0 2500.0 9.7138044849
8094.41541155 5141.40220797 4654.14305648 168.767619845 2500.0 2500.0 9.72637085551
8098.48583515 5141.39609069 4654.17249902 168.899863553 2500.0 2500.0 9.73893722613
8102.55647738 5141.38997754 4654.20187342 169.031969943 2500.0 2500.0 9.75150359674
8106.62733778 5141.38386853 4654.23117992 169.163939224 2500.0 2500.0 9.76406996736
8110.69841589 5141.37776363 4654.26041873 169.2957716 2500.0 2500.0 9.77663633797
8114.76971127 5141.37166286 4654.2895901 169.427467277 2500.0 2500.0 9.78920270859
8118.84122347 5141.3655662 4654.31869426 169.55902646 2500.0 2500.0 9.8017690792
8122.91295202 5141.35947365 4654.34773143 169.690449354 2500.0 2500.0 9.81433544981
8126.98489648 5141.35338521 4654.37670184 169.821736164 2500.0 2500.0 9.82690182043
8131.05705639 5141.34730087 4654.40560572 169.952887093 2500.0 2500.0 9.83946819104
8135.12943133 5141.34122063 4654.4344433 170.083902345 2500.0 2500.0 9.85203456166
8139.20202083 5141.33514448 4654.46321479 170.214782123 2500.0 2500.0 9.86460093227
8143.27482445 5141.32907243 4654.49192043 170.34552663 2500.0 2500.0 9.87716730289
8147.34784175 5141.32300446 4654.52056044 170.476136069 2500.0 2500.0 9.8897336735
8151.42107229 5141.31694057 4654.54913503 170.606610641 2500.0 2500.0 9.90230004412
8155.49451563 5141.31088077 4654.57764443 170.736950549 2500.0 2500.0 9.91486641473
8159.56817133 5141.30482503 4654.60608886 170.867155993 2500.0 2500.0 9.92743278534
8163.64203895 5141.29877337 4654.63446854 170.997227174 2500.0 2500.0 9.93999915596
8167.71611805 5141.29272577 4654.66278369 171.127164293 2500.0 2500.0 9.95256552657
8171.79040821 5141.28668223 4654.69103452 171.25696755 2500.0 2500.0 9.96513189719
8175.86490899 5141.28064275 4654.71922125 171.386637145 2500.0 2500.0 9.9776982678
8179.93961996 5141.27460732 4654.74734409 171.516173277 2500.0 2500.0 9.99026463842
8184.01454068 5141.26857595 4654.77540326 171.645576144 2500.0 2500.0 10.002831009
8188.08967073 5141.26254861 4654.80339898 171.774845947 2500.0 2500.0 10.0153973796
8192.16500968 5141.25652532 4654.83133145 171.903982882 2500.0 2500.0 10.0279637503
8196.24055711 5141.25050607 4654.85920088 172.032987148 2500.0 2500.0 10.0405301209
8200.31631258 5141.24449085 4654.88700749 172.161858942 2500.0 2500.0 10.0530964915
8204.39227568 5141.23847966 4654.91475148 172.29059846 2500.0 2500.0 10.0656628621
8208.46844599 5141.23247249 4654.94243307 172.419205901 2500.0 2500.0 10.0782292327
8212.54482307 5141.22646935 4654.97005246 172.54768146 2500.0 2500.0 10.0907956033
8216.62140652 5141.22047022 4654.99760986 172.676025333 2500.0 2500.0 10.1033619739
8220.69819591 5141.21447511 4655.02510547 172.804237716 2500.0 2500.0 10.1159283446
8224.77519083 5141.208484 4655.0525395 172.932318803 2500.0 2500.0 10.1284947152
8228.85239086 5141.2024969 4655.07991215 173.06026879 2500.0 2500.0 10.1410610858
8232.92979559 5141.1965138 4655.10722363 173.188087872 2500.0 2500.0 10.1536274564
8237.0074046 5141.1905347 4655.13447414 173.315776241 2500.0 2500.0 10.166193827
8241.08521748 5141.18455959 4655.16166388 173.443334093 2500.0 2500.0 10.1787601976
8245.16323383 5141.17858847 4655.18879304 173.570761619 2500.0 2500.0 10.1913265682
8249.24145323 5141.17262133 4655.21586184 173.698059014 2500.0 2500.0 10.2038929389
8253.31987527 5141.16665818 4655.24287046 173.82522647 2500.0 2500.0 10.2164593095
8257.39849954 5141.160699 4655.26981912 173.952264179 2500.0 2500.0 10.2290256801
8261.47732565 5141.15474379 4655.29670799 174.079172332 2500.0 2500.0 10.2415920507
8265.55635319 5141.14879256 4655.32353728 174.205951123 2500.0 2500.0 10.2541584213
8269.63558175 5141.14284529 4655.35030719 174.33260074 2500.0 2500.0 10.2667247919
8273.71501094 5141.13690198 4655.37701791 174.459121377 2500.0 2500.0 10.2792911625
8277.79464034 5141.13096263 4655.40366963 174.585513222 2500.0 2500.0 10.2918575332
8281.87446957 5141.12502723 4655.43026255 174.711776465 2500.0 2500.0 10.3044239038
8285.95449823 5141.11909578 4655.45679685 174.837911298 2500.0 2500.0 10.3169902744
8290.03472591 5141.11316827 4655.48327274 174.963917908 2500.0 2500.0 10.329556645
8294.11515222 5141.10724471 4655.50969039 175.089796485 2500.0 2500.0 10.3421230156
8298.19577677 5141.10132509 4655.53605 175.215547218 2500.0 2500.0 10.3546893862
8302.27659917 5141.09540939 4655.56235175 175.341170295 2500.0 2500.0 10.3672557568
8306.35761901 5141.08949763 4655.58859585 175.466665903 2500.0 2500.0 10.3798221275
8310.43883592 5141.0835898 4655.61478246 175.59203423 2500.0 2500.0 10.3923884981
8314.5202495 5141.07768588 4655.64091178 175.717275464 2500.0 2500.0 10.4049548687
8318.60185936 5141.07178589 4655.666984 175.842389792 2500.0 2500.0 10.4175212393
8322.68366512 5141.0658898 4655.6929993 175.967377398 2500.0 2500.0 10.4300876099
8326.76566639 5141.05999763 4655.71895785 176.092238471 2500.0 2500.0 10.4426539805
8330.84786278 5141.05410937 4655.74485986 176.216973196 2500.0 2500.0 10.4552203511
8334.93025391 5141.048225 4655.77070549 176.341581758 2500.0 2500.0 10.4677867218
8339.0128394 5141.04234454 4655.79649493 176.466064341 2500.0 2500.0 10.4803530924
8343.09561887 5141.03646797 4655.82222836 176.590421132 2500.0 2500.0 10.492919463
8347.17859193 5141.03059529 4655.84790596 176.714652315 2500.0 2500.0 10.5054858336
8351.26175821 5141.0247265 4655.8735279 176.838758072 2500.0 2500.0 10.5180522042
8355.34511733 5141.01886159 4655.89909438 176.962738589 2500.0 2500.0 10.5306185748
8359.42866891 5141.01300056 4655.92460556 177.086594048 2500.0 2500.0 10.5431849454
8363.51241257 5141.00714341 4655.95006163 177.210324632 2500.0 2500.0 10.5557513161
8367.59634795 5141.00129013 4655.97546275 177.333930525 2500.0 2500.0 10.5683176867
8371.68047466 5140.99544071 4656.00080911 177.457411908 2500.0 2500.0 10.5808840573
8375.76479234 5140.98959516 4656.02610088 177.580768963 2500.0 2500.0 10.5934504279
8379.84930061 5140.98375347 4656.05133822 177.704001872 2500.0 2500.0 10.6060167985
8383.9339991 5140.97791564 4656.07652133 177.827110817 2500.0 2500.0 10.6185831691
8388.01888745 5140.97208166 4656.10165036 177.950095978 2500.0 2500.0 10.6311495397
7796.30673332 5190.39442639 4662.16143657 168.036846948 2600.0 2600.0 8.72106120637
7800.34110295 5190.38707251 4662.20256457 168.190694945 2600.0 2600.0 8.73362757698
7804.37575708 5190.37972372 4662.24358929 168.344377751 2600.0 2600.0 8.74619394759
7808.41069507 5190.37238002 4662.28451112 168.497895619 2600.0 2600.0 8.75876031821
7812.44591624 5190.3650414 4662.32533043 168.651248806 2600.0 2600.0 8.77132668882
7816.48141995 5190.35770785 4662.36604762 168.804437564 2600.0 2600.0 8.78389305944
7820.51720555 5190.35037938 4662.40666305 168.957462148 2600.0 2600.0 8.79645943005
7824.55327238 5190.34305597 4662.4471771 169.11032281 2600.0 2600.0 8.80902580067
7828.58961979 5190.33573763 4662.48759014 169.263019804 2600.0 2600.0 8.82159217128
7832.62624714 5190.32842433 4662.52790254 169.415553381 2600.0 2600.0 8.83415854189
7836.6631538 5190.32111609 4662.56811468 169.567923794 2600.0 2600.0 8.84672491251
7840.7003391 5190.31381289 4662.60822691 169.720131293 2600.0 2600.0 8.85929128312
7844.73780242 5190.30651474 4662.64823961 169.872176128 2600.0 2600.0 8.87185765374
7848.77554313 5190.29922161 4662.68815315 170.024058551 2600.0 2600.0 8.88442402435
7852.81356058 5190.29193352 4662.72796787 170.175778811 2600.0 2600.0 8.89699039497
7856.85185414 5190.28465045 4662.76768415 170.327337156 2600.0 2600.0 8.90955676558
7860.89042319 5190.2773724 4662.80730235 170.478733836 2600.0 2600.0 8.9221231362
7864.9292671 5190.27009936 4662.84682281 170.629969099 2600.0 2600.0 8.93468950681
7868.96838524 5190.26283133 4662.8862459 170.781043193 2600.0 2600.0 8.94725587742
7873.00777699 5190.25556831 4662.92557197 170.931956364 2600.0 2600.0 8.95982224804
7877.04744173 5190.24831028 4662.96480136 171.08270886 2600.0 2600.0 8.97238861865
7881.08737884 5190.24105725 4663.00393444 171.233300927 2600.0 2600.0 8.98495498927
7885.1275877 5190.2338092 4663.04297156 171.383732811 2600.0 2600.0 8.99752135988
7889.16806771 5190.22656614 4663.08191304 171.534004756 2600.0 2600.0 9.0100877305
7893.20881824 5190.21932805 4663.12075926 171.684117009 2600.0 2600.0 9.02265410111
7897.24983869 5190.21209494 4663.15951054 171.834069812 2600.0 2600.0 9.03522047172
7901.29112846 5190.20486679 4663.19816722 171.983863411 2600.0 2600.0 9.04778684234
7905.33268693 5190.19764361 4663.23672966 172.133498048 2600.0 2600.0 9.06035321295
7909.3745135 5190.19042538 4663.27519819 172.282973967 2600.0 2600.0 9.07291958357
7913.41660757 5190.1832121 4663.31357314 172.432291409 2600.0 2600.0 9.08548595418
7917.45896855 5190.17600378 4663.35185486 172.581450617 2600.0 2600.0 9.0980523248
7921.50159583 5190.16880039 4663.39004367 172.730451833 2600.0 2600.0 9.11061869541
7925.54448883 5190.16160194 4663.42813991 172.879295297 2600.0 2600.0 9.12318506602
7929.58764694 5190.15440843 4663.4661439 173.02798125 2600.0 2600.0 9.13575143664
7933.63106957 5190.14721984 4663.50405599 173.176509932 2600.0 2600.0 9.14831780725
7937.67475615 5190.14003617 4663.5418765 173.324881582 2600.0 2600.0 9.16088417787
7941.71870608 5190.13285742 4663.57960575 173.473096441 2600.0 2600.0 9.17345054848
7945.76291877 5190.12568358 4663.61724406 173.621154746 2600.0 2600.0 9.1860169191
7949.80739365 5190.11851464 4663.65479177 173.769056736 2600.0 2600.0 9.19858328971
7953.85213014 5190.11135061 4663.69224919 173.916802648 2600.0 2600.0 9.21114966033
7957.89712764 5190.10419147 4663.72961665 174.064392721 2600.0 2600.0 9.22371603094
7961.9423856 5190.09703723 4663.76689445 174.21182719 2600.0 2600.0 9.23628240155
7965.98790343 5190.08988787 4663.80408293 174.359106292 2600.0 2600.0 9.24884877217
7970.03368057 5190.0827434 4663.84118239 174.506230264 2600.0 2600.0 9.26141514278
7974.07971643 5190.0756038 4663.87819316 174.65319934 2600.0 2600.0 9.2739815134
7978.12601046 5190.06846907 4663.91511553 174.800013756 2600.0 2600.0 9.28654788401
7982.17256209 5190.06133921 4663.95194983 174.946673746 2600.0 2600.0 9.29911425463
7986.21937074 5190.05421421 4663.98869637 175.093179544 2600.0 2600.0 9.31168062524
7990.26643586 5190.04709407 4664.02535545 175.239531384 2600.0 2600.0 9.32424699585
7994.31375689 5190.03997878 4664.06192738 175.3857295 2600.0 2600.0 9.33681336647
7998.36133327 5190.03286833 4664.09841246 175.531774123 2600.0 2600.0 9.34937973708
8002.40916444 5190.02576273 4664.134811 175.677665487 2600.0 2600.0 9.3619461077
8006.45724984 5190.01866196 4664.17112331 175.823403822 2600.0 2600.0 9.37451247831
8010.50558893 5190.01156603 4664.20734968 175.968989362 2600.0 2600.0 9.38707884893
8014.55418115 5190.00447492 4664.24349042 176.114422335 2600.0 2600.0 9.39964521954
8018.60302595 5189.99738864 4664.27954582 176.259702974 2600.0 2600.0 9.41221159016
8022.65212278 5189.99030717 4664.31551618 176.404831508 2600.0 2600.0 9.42477796077
8026.7014711 5189.98323052 4664.3514018 176.549808166 2600.0 2600.0 9.43734433138
8030.75107037 5189.97615867 4664.38720297 176.694633179 2600.0 2600.0 9.449910702
8034.80092004 5189.96909162 4664.42291999 176.839306774 2600.0 2600.0 9.46247707261
8038.85101956 5189.96202938 4664.45855314 176.98382918 2600.0 2600.0 9.47504344323
8042.90136841 5189.95497192 4664.49410272 177.128200625 2600.0 2600.0 9.48760981384
8046.95196605 5189.94791926 4664.52956902 177.272421336 2600.0 2600.0 9.50017618446
8051.00281193 5189.94087137 4664.56495232 177.41649154 2600.0 2600.0 9.51274255507
8055.05390553 5189.93382827 4664.60025291 177.560411464 2600.0 2600.0 9.52530892568
8059.10524632 5189.92678994 4664.63547108 177.704181334 2600.0 2600.0 9.5378752963
8063.15683377 5189.91975637 4664.67060711 177.847801376 2600.0 2600.0 9.55044166691
8067.20866734 5189.91272757 4664.70566129 177.991271814 2600.0 2600.0 9.56300803753
7579.78530923 5240.78269328 4669.84213448 168.093502442 2700.0 2700.0 7.95451259889
7583.78166834 5240.77401615 4669.89714005 168.268630888 2700.0 2700.0 7.9670789695
7587.77838608 5240.76534513 4669.95199865 168.443566672 2700.0 2700.0 7.97964534012
7591.77546154 5240.75668023 4670.00671085 168.618310098 2700.0 2700.0 7.99221171073
7595.77289382 5240.74802144 4670.06127721 168.792861469 2700.0 2700.0 8.00477808135
7599.77068202 5240.73936875 4670.11569832 168.967221087 2700.0 2700.0 8.01734445196
7603.76882525 5240.73072216 4670.16997474 169.141389252 2700.0 2700.0 8.02991082258
7607.7673226 5240.72208165 4670.22410704 169.315366264 2700.0 2700.0 8.04247719319
7611.7661732 5240.71344723 4670.27809577 169.489152425 2700.0 2700.0 8.0550435638
7615.76537615 5240.70481888 4670.33194151 169.662748033 2700.0 2700.0 8.06760993442
7619.76493057 5240.6961966 4670.38564479 169.836153387 2700.0 2700.0 8.08017630503
7623.76483559 5240.68758039 4670.43920619 170.009368786 2700.0 2700.0 8.09274267565
7627.76509034 5240.67897023 4670.49262624 170.182394527 2700.0 2700.0 8.10530904626
7631.76569392 5240.67036612 4670.5459055 170.355230906 2700.0 2700.0 8.11787541688
7635.76664549 5240.66176806 4670.59904451 170.527878221 2700.0 2700.0 8.13044178749
7639.76794418 5240.65317603 4670.65204381 170.700336767 2700.0 2700.0 8.1430081581
7643.76958912 5240.64459004 4670.70490395 170.872606839 2700.0 2700.0 8.15557452872
7647.77157945 5240.63601007 4670.75762546 171.044688733 2700.0 2700.0 8.16814089933
7651.77391432 5240.62743612 4670.81020887 171.216582742 2700.0 2700.0 8.18070726995
7655.77659289 5240.61886818 4670.86265472 171.388289159 2700.0 2700.0 8.19327364056
7659.7796143 5240.61030625 4670.91496353 171.559808278 2700.0 2700.0 8.20584001118
7663.7829777 5240.60175032 4670.96713584 171.731140391 2700.0 2700.0 8.21840638179
7667.78668226 5240.59320038 4671.01917216 171.90228579 2700.0 2700.0 8.23097275241
7671.79072714 5240.58465643 4671.07107301 172.073244766 2700.0 2700.0 8.24353912302
7675.79511149 5240.57611846 4671.12283892 172.244017609 2700.0 2700.0 8.25610549363
7679.7998345 5240.56758647 4671.1744704 172.414604609 2700.0 2700.0 8.26867186425
7683.80489533 5240.55906044 4671.22596797 172.585006057 2700.0 2700.0 8.28123823486
7687.81029316 5240.55054038 4671.27733212 172.75522224 2700.0 2700.0 8.29380460548
7691.81602716 5240.54202627 4671.32856338 172.925253448 2700.0 2700.0 8.30637097609
7695.82209652 5240.53351811 4671.37966224 173.095099968 2700.0 2700.0 8.31893734671
7699.82850041 5240.52501589 4671.43062922 173.264762086 2700.0 2700.0 8.33150371732
7703.83523804 5240.51651962 4671.4814648 173.434240091 2700.0 2700.0 8.34407008793
7707.84230858 5240.50802927 4671.53216949 173.603534267 2700.0 2700.0 8.35663645855
7711.84971122 5240.49954485 4671.58274379 173.772644901 2700.0 2700.0 8.36920282916
7715.85744518 5240.49106635 4671.63318818 173.941572277 2700.0 2700.0 8.38176919978
7719.86550964 5240.48259375 4671.68350316 174.110316679 2700.0 2700.0 8.39433557039
7723.87390381 5240.47412707 4671.73368922 174.278878392 2700.0 2700.0 8.40690194101
7727.8826269 5240.46566629 4671.78374684 174.447257699 2700.0 2700.0 8.41946831162
7731.89167811 5240.4572114 4671.8336765 174.615454882 2700.0 2700.0 8.43203468224
7735.90105665 5240.4487624 4671.88347868 174.783470224 2700.0 2700.0 8.44460105285
7739.91076174 5240.44031928 4671.93315387 174.951304006 2700.0 2700.0 8.45716742346
7743.9207926 5240.43188203 4671.98270255 175.118956508 2700.0 2700.0 8.46973379408
7747.93114844 5240.42345066 4672.03212517 175.286428013 2700.0 2700.0 8.48230016469
7751.9418285 5240.41502515 4672.08142222 175.453718799 2700.0 2700.0 8.49486653531
7755.95283199 5240.40660549 4672.13059417 175.620829146 2700.0 2700.0 8.50743290592
7759.96415815 5240.39819169 4672.17964147 175.787759333 2700.0 2700.0 8.51999927654
7763.9758062 5240.38978373 4672.22856461 175.954509638 2700.0 2700.0 8.53256564715
7767.98777539 5240.38138161 4672.27736403 176.121080339 2700.0 2700.0 8.54513201776
7772.00006495 5240.37298533 4672.3260402 176.287471713 2700.0 2700.0 8.55769838838
7776.01267412 5240.36459487 4672.37459358 176.453684037 2700.0 2700.0 8.57026475899
7780.02560214 5240.35621023 4672.42302462 176.619717586 2700.0 2700.0 8.58283112961
7784.03884827 5240.34783141 4672.47133377 176.785572637 2700.0 2700.0 8.59539750022
7788.05241174 5240.3394584 4672.5195215 176.951249464 2700.0 2700.0 8.60796387084
7792.06629182 5240.33109119 4672.56758824 177.116748342 2700.0 2700.0 8.62053024145
7796.08048775 5240.32272977 4672.61553444 177.282069546 2700.0 2700.0 8.63309661206
7800.0949988 5240.31437415 4672.66336055 177.447213347 2700.0 2700.0 8.64566298268
7804.10982422 5240.30602431 4672.71106701 177.61218002 2700.0 2700.0 8.65822935329
7808.12496328 5240.29768025 4672.75865426 177.776969836 2700.0 2700.0 8.67079572391
7812.14041524 5240.28934197 4672.80612274 177.941583068 2700.0 2700.0 8.68336209452
7407.70124443 5292.5628988 4676.94515021 168.152073996 2800.0 2800.0 7.31362769756
7411.65630496 5292.55278719 4677.01679101 168.348853304 2800.0 2800.0 7.32619406817
7415.6118096 5292.54268283 4677.08823044 168.545411975 2800.0 2800.0 7.33876043879
7419.56775713 5292.53258569 4677.15946934 168.741750359 2800.0 2800.0 7.3513268094
7423.52414634 5292.52249579 4677.23050852 168.937868808 2800.0 2800.0 7.36389318001
7427.48097604 5292.5124131 4677.30134881 169.13376767 2800.0 2800.0 7.37645955063
7431.43824504 5292.50233763 4677.37199101 169.329447295 2800.0 2800.0 7.38902592124
7435.39595213 5292.49226935 4677.44243595 169.524908032 2800.0 2800.0 7.40159229186
7439.35409614 5292.48220828 4677.51268442 169.720150228 2800.0 2800.0 7.41415866247
7443.31267588 5292.47215439 4677.58273722 169.915174232 2800.0 2800.0 7.42672503309
7447.27169018 5292.46210768 4677.65259516 170.109980388 2800.0 2800.0 7.4392914037
7451.23113787 5292.45206815 4677.72225902 170.304569043 2800.0 2800.0 7.45185777431
7455.19101778 5292.44203578 4677.79172959 170.498940543 2800.0 2800.0 7.46442414493
7459.15132876 5292.43201056 4677.86100766 170.69309523 2800.0 2800.0 7.47699051554
7463.11206965 5292.4219925 4677.93009401 170.88703345 2800.0 2800.0 7.48955688616
7467.0732393 5292.41198158 4677.99898942 171.080755545 2800.0 2800.0 7.50212325677
7471.03483655 5292.40197779 4678.06769464 171.274261857 2800.0 2800.0 7.51468962739
7474.99686028 5292.39198113 4678.13621047 171.467552729 2800.0 2800.0 7.527255998
7478.95930935 5292.38199159 4678.20453765 171.6606285 2800.0 2800.0 7.53982236862
7482.92218262 5292.37200916 4678.27267694 171.853489512 2800.0 2800.0 7.55238873923
7486.88547896 5292.36203384 4678.34062911 172.046136104 2800.0 2800.0 7.56495510984
7490.84919727 5292.35206561 4678.40839491 172.238568615 2800.0 2800.0 7.57752148046
7494.81333641 5292.34210447 4678.47597508 172.430787383 2800.0 2800.0 7.59008785107
7498.77789527 5292.33215042 4678.54337036 172.622792746 2800.0 2800.0 7.60265422169
7502.74287276 5292.32220343 4678.6105815 172.814585041 2800.0 2800.0 7.6152205923
7506.70826775 5292.31226352 4678.67760924 173.006164604 2800.0 2800.0 7.62778696292
7510.67407917 5292.30233066 4678.7444543 173.19753177 2800.0 2800.0 7.64035333353
7514.6403059 5292.29240485 4678.81111741 173.388686876 2800.0 2800.0 7.65291970414
7518.60694687 5292.28248609 4678.87759931 173.579630253 2800.0 2800.0 7.66548607476
7522.57400098 5292.27257436 4678.9439007 173.770362238 2800.0 2800.0 7.67805244537
7526.54146716 5292.26266967 4679.01002232 173.960883162 2800.0 2800.0 7.69061881599
7530.50934433 5292.25277199 4679.07596486 174.151193357 2800.0 2800.0 7.7031851866
7534.47763142 5292.24288133 4679.14172904 174.341293156 2800.0 2800.0 7.71575155722
7538.44632735 5292.23299767 4679.20731557 174.531182889 2800.0 2800.0 7.72831792783
7542.41543108 5292.22312102 4679.27272515 174.720862887 2800.0 2800.0 7.74088429845
7546.38494153 5292.21325136 4679.33795848 174.910333479 2800.0 2800.0 7.75345066906
7550.35485765 5292.20338868 4679.40301626 175.099594995 2800.0 2800.0 7.76601703967
7554.3251784 5292.19353298 4679.46789917 175.288647762 2800.0 2800.0 7.77858341029
7558.29590272 5292.18368424 4679.5326079 175.477492109 2800.0 2800.0 7.7911497809
7562.26702958 5292.17384247 4679.59714314 175.666128362 2800.0 2800.0 7.80371615152
7566.23855794 5292.16400766 4679.66150557 175.854556848 2800.0 2800.0 7.81628252213
7570.21048676 5292.15417979 4679.72569587 176.042777892 2800.0 2800.0 7.82884889275
7574.18281502 5292.14435886 4679.78971471 176.230791821 2800.0 2800.0 7.84141526336
7578.15554168 5292.13454487 4679.85356277 176.418598957 2800.0 2800.0 7.85398163397
7582.12866574 5292.1247378 4679.9172407 176.606199626 2800.0 2800.0 7.86654800459
7586.10218617 5292.11493765 4679.98074918 176.793594151 2800.0 2800.0 7.8791143752
7590.07610196 5292.10514441 4680.04408886 176.980782853 2800.0 2800.0 7.89168074582
7594.0504121 5292.09535808 4680.1072604 177.167766055 2800.0 2800.0 7.90424711643
7598.02511559 5292.08557864 4680.17026446 177.354544079 2800.0 2800.0 7.91681348705
7602.00021143 5292.07580609 4680.23310168 177.541117244 2800.0 2800.0 7.92937985766
7605.97569861 5292.06604042 4680.29577272 177.727485871 2800.0 2800.0 7.94194622828
7609.95157615 5292.05628163 4680.35827821 177.91365028 2800.0 2800.0 7.95451259889
7267.59560905 5345.70443814 4683.34674526 168.035563102 2900.0 2900.0 6.76070739053
7271.5056889 5345.69277447 4683.43806435 168.254458148 2900.0 2900.0 6.77327376114
7275.41631076 5345.68111926 4683.529116 168.473104022 2900.0 2900.0 6.78584013175
7279.32747305 5345.66947251 4683.61990133 168.691501124 2900.0 2900.0 6.79840650237
7283.2391742 5345.65783419 4683.71042149 168.909649854 2900.0 2900.0 6.81097287298
7287.15141266 5345.64620431 4683.8006776 169.12755061 2900.0 2900.0 6.8235392436
7291.06418686 5345.63458286 4683.89067077 169.345203789 2900.0 2900.0 6.83610561421
7294.97749527 5345.62296981 4683.98040212 169.562609788 2900.0 2900.0 6.84867198483
7298.89133633 5345.61136518 4684.06987277 169.779769005 2900.0 2900.0 6.86123835544
7302.80570852 5345.59976894 4684.1590838 169.996681833 2900.0 2900.0 6.87380472605
7306.7206103 5345.58818109 4684.24803632 170.213348667 2900.0 2900.0 6.88637109667
7310.63604017 5345.57660161 4684.33673141 170.429769902 2900.0 2900.0 6.89893746728
7314.5519966 5345.56503051 4684.42517016 170.64594593 2900.0 2900.0 6.9115038379
7318.46847808 5345.55346777 4684.51335364 170.861877143 2900.0 2900.0 6.92407020851
7322.38548313 5345.54191337 4684.60128294 171.077563933 2900.0 2900.0 6.93663657913
7326.30301025 5345.53036732 4684.6889591 171.29300669 2900.0 2900.0 6.94920294974
7330.22105794 5345.51882961 4684.7763832 171.508205804 2900.0 2900.0 6.96176932035
7334.13962473 5345.50730022 4684.86355628 171.723161665 2900.0 2900.0 6.97433569097
7338.05870915 5345.49577914 4684.9504794 171.93787466 2900.0 2900.0 6.98690206158
7341.97830973 5345.48426637 4685.0371536 172.152345176 2900.0 2900.0 6.9994684322
7345.89842501 5345.4727619 4685.12357991 172.366573602 2900.0 2900.0 7.01203480281
7349.81905354 5345.46126571 4685.20975937 172.580560322 2900.0 2900.0 7.02460117343
7353.74019387 5345.44977781 4685.295693 172.794305722 2900.0 2900.0 7.03716754404
7357.66184455 5345.43829817 4685.38138183 173.007810187 2900.0 2900.0 7.04973391466
7361.58400416 5345.4268268 4685.46682686 173.2210741 2900.0 2900.0 7.06230028527
7365.50667126 5345.41536368 4685.55202912 173.434097843 2900.0 2900.0 7.07486665588
7369.42984443 5345.40390881 4685.63698959 173.6468818 2900.0 2900.0 7.0874330265
7373.35352226 5345.39246217 4685.72170929 173.859426351 2900.0 2900.0 7.09999939711
7377.27770334 5345.38102375 4685.8061892 174.071731877 2900.0 2900.0 7.11256576773
7381.20238626 5345.36959356 4685.89043031 174.283798759 2900.0 2900.0 7.12513213834
7385.12756962 5345.35817157 4685.97443361 174.495627374 2900.0 2900.0 7.13769850896
7389.05325205 5345.34675778 4686.05820007 174.707218102 2900.0 2900.0 7.15026487957
7392.97943213 5345.33535218 4686.14173066 174.918571321 2900.0 2900.0 7.16283125018
7396.90610851 5345.32395477 4686.22502636 175.129687406 2900.0 2900.0 7.1753976208
7400.83327981 5345.31256553 4686.30808812 175.340566735 2900.0 2900.0 7.18796399141
7404.76094465 5345.30118445 4686.3909169 175.551209682 2900.0 2900.0 7.20053036203
7408.68910169 5345.28981153 4686.47351366 175.761616623 2900.0 2900.0 7.21309673264
7412.61774955 5345.27844676 4686.55587933 175.971787931 2900.0 2900.0 7.22566310326
7416.54688689 5345.26709012 4686.63801487 176.18172398 2900.0 2900.0 7.23822947387
7420.47651237 5345.25574162 4686.71992121 176.391425141 2900.0 2900.0 7.25079584449
7424.40662465 5345.24440124 4686.80159927 176.600891787 2900.0 2900.0 7.2633622151
7428.3372224 5345.23306896 4686.88304999 176.810124288 2900.0 2900.0 7.27592858571
7432.26830429 5345.2217448 4686.9642743 177.019123015 2900.0 2900.0 7.28849495633
7436.19986899 5345.21042872 4687.04527309 177.227888338 2900.0 2900.0 7.30106132694
7440.1319152 5345.19912074 4687.1260473 177.436420624 2900.0 2900.0 7.31362769756
7444.06444159 5345.18782083 4687.20659782 177.644720243 2900.0 2900.0 7.32619406817
7447.99744688 5345.17652899 4687.28692556 177.852787561 2900.0 2900.0 7.33876043879
7158.96302485 5400.15044715 4689.14048717 168.076097809 3000.0 3000.0 6.29575167779
7162.82535001 5400.13712726 4689.25413278 168.317104327 3000.0 3000.0 6.30831804841
7166.68832446 5400.12381714 4689.36743531 168.55783342 3000.0 3000.0 6.32088441902
7170.55194622 5400.11051676 4689.48039623 168.798285537 3000.0 3000.0 6.33345078964
7174.41621332 5400.09722613 4689.59301705 169.038461124 3000.0 3000.0 6.34601716025
7178.28112379 5400.08394522 4689.70529922 169.278360625 3000.0 3000.0 6.35858353087
7182.14667567 5400.07067403 4689.81724424 169.517984487 3000.0 3000.0 6.37114990148
7186.01286701 5400.05741255 4689.92885355 169.757333152 3000.0 3000.0 6.38371627209
7189.87969588 5400.04416076 4690.04012862 169.996407064 3000.0 3000.0 6.39628264271
7193.74716034 5400.03091866 4690.15107088 170.235206665 3000.0 3000.0 6.40884901332
7197.61525848 5400.01768624 4690.26168178 170.473732395 3000.0 3000.0 6.42141538394
7201.48398838 5400.00446348 4690.37196274 170.711984695 3000.0 3000.0 6.43398175455
7205.35334813 5399.99125037 4690.48191519 170.949964005 3000.0 3000.0 6.44654812517
7209.22333586 5399.97804691 4690.59154054 171.187670762 3000.0 3000.0 6.45911449578
7213.09394965 5399.96485308 4690.70084019 171.425105405 3000.0 3000.0 6.47168086639
7216.96518765 5399.95166888 4690.80981555 171.66226837 3000.0 3000.0 6.48424723701
7220.83704798 5399.93849428 4690.918468 171.899160093 3000.0 3000.0 6.49681360762
7224.70952879 5399.92532929 4691.02679894 172.13578101 3000.0 3000.0 6.50937997824
7228.58262822 5399.91217389 4691.13480972 172.372131553 3000.0 3000.0 6.52194634885
7232.45634442 5399.89902807 4691.24250172 172.608212158 3000.0 3000.0 6.53451271947
7236.33067558 5399.88589182 4691.34987631 172.844023255 3000.0 3000.0 6.54707909008
7240.20561985 5399.87276514 4691.45693482 173.079565278 3000.0 3000.0 6.5596454607
7244.08117542 5399.859648 4691.56367862 173.314838656 3000.0 3000.0 6.57221183131
7247.95734049 5399.8465404 4691.67010903 173.549843819 3000.0 3000.0 6.58477820192
7251.83411325 5399.83344233 4691.77622738 173.784581197 3000.0 3000.0 6.59734457254
7255.71149191 5399.82035378 4691.88203501 174.019051218 3000.0 3000.0 6.60991094315
7259.58947468 5399.80727473 4691.98753322 174.253254309 3000.0 3000.0 6.62247731377
7263.4680598 5399.79420519 4692.09272333 174.487190896 3000.0 3000.0 6.63504368438
7267.34724548 5399.78114513 4692.19760664 174.720861406 3000.0 3000.0 6.647610055
7271.22702998 5399.76809455 4692.30218443 174.954266263 3000.0 3000.0 6.66017642561
7275.10741153 5399.75505343 4692.406458 175.187405891 3000.0 3000.0 6.67274279622
7278.98838839 5399.74202178 4692.51042864 175.420280713 3000.0 3000.0 6.68530916684
7282.86995884 5399.72899957 4692.6140976 175.652891152 3000.0 3000.0 6.69787553745
7286.75212113 5399.71598679 4692.71746617 175.885237629 3000.0 3000.0 6.71044190807
7290.63487355 5399.70298345 4692.8205356 176.117320565 3000.0 3000.0 6.72300827868
7294.51821439 5399.68998951 4692.92330713 176.349140379 3000.0 3000.0 6.7355746493
7298.40214193 5399.67700499 4693.02578203 176.580697491 3000.0 3000.0 6.74814101991
7302.28665448 5399.66402986 4693.12796153 176.811992319 3000.0 3000.0 6.76070739053
7306.17175035 5399.65106411 4693.22984686 177.04302528 3000.0 3000.0 6.77327376114
7310.05742787 5399.63810774 4693.33143924 177.273796791 3000.0 3000.0 6.78584013175
7313.94368534 5399.62516074 4693.43273991 177.504307268 3000.0 3000.0 6.79840650237
7317.83052111 5399.61222309 4693.53375006 177.734557124 3000.0 3000.0 6.81097287298
7321.71793351 5399.59929478 4693.63447092 177.964546775 3000.0 3000.0 6.8235392436
7073.52552428 5455.87013412 4694.24959736 168.114451446 3100.0 3100.0 5.89362781813
7077.33717664 5455.85504939 4694.38825347 168.377661834 3100.0 3100.0 5.90619418875
7081.1495944 5455.8399758 4694.52648193 168.640566744 3100.0 3100.0 5.91876055936
7084.96277515 5455.82491335 4694.66428463 168.903166672 3100.0 3100.0 5.93132692998
7088.77671646 5455.80986202 4694.80166345 169.165462109 3100.0 3100.0 5.94389330059
7092.59141593 5455.79482179 4694.93862025 169.427453545 3100.0 3100.0 5.95645967121
7096.40687116 5455.77979267 4695.07515689 169.689141471 3100.0 3100.0 5.96902604182
7100.22307976 5455.76477462 4695.21127522 169.950526377 3100.0 3100.0 5.98159241243
7104.04003938 5455.74976765 4695.34697706 170.21160875 3100.0 3100.0 5.99415878305
7107.85774763 5455.73477174 4695.48226426 170.472389078 3100.0 3100.0 6.00672515366
7111.67620218 5455.71978687 4695.61713863 170.732867846 3100.0 3100.0 6.01929152428
7115.49540069 5455.70481304 4695.75160196 170.993045541 3100.0 3100.0 6.03185789489
7119.31534082 5455.68985024 4695.88565605 171.252922646 3100.0 3100.0 6.04442426551
7123.13602027 5455.67489844 4696.0193027 171.512499645 3100.0 3100.0 6.05699063612
7126.95743672 5455.65995764 4696.15254368 171.77177702 3100.0 3100.0 6.06955700674
7130.77958788 5455.64502783 4696.28538074 172.030755254 3100.0 3100.0 6.08212337735
7134.60247147 5455.630109 4696.41781565 172.289434826 3100.0 3100.0 6.09468974796
7138.42608522 5455.61520112 4696.54985016 172.547816216 3100.0 3100.0 6.10725611858
7142.25042686 5455.6003042 4696.681486 172.805899903 3100.0 3100.0 6.11982248919
7146.07549414 5455.58541822 4696.81272489 173.063686364 3100.0 3100.0 6.13238885981
7149.90128482 5455.57054316 4696.94356856 173.321176077 3100.0 3100.0 6.14495523042
7153.72779667 5455.55567901 4697.07401871 173.578369517 3100.0 3100.0 6.15752160104
7157.55502746 5455.54082577 4697.20407704 173.83526716 3100.0 3100.0 6.17008797165
7161.382975 5455.52598342 4697.33374524 174.091869478 3100.0 3100.0 6.18265434226
7165.21163707 5455.51115195 4697.46302499 174.348176946 3100.0 3100.0 6.19522071288
7169.0410115 5455.49633135 4697.59191796 174.604190035 3100.0 3100.0 6.20778708349
7172.8710961 5455.4815216 4697.72042581 174.859909216 3100.0 3100.0 6.22035345411
7176.7018887 5455.46672269 4697.84855019 175.115334961 3100.0 3100.0 6.23291982472
7180.53338715 5455.45193461 4697.97629275 175.370467738 3100.0 3100.0 6.24548619534
7184.36558929 5455.43715736 4698.10365512 175.625308015 3100.0 3100.0 6.25805256595
7188.19849298 5455.42239091 4698.23063893 175.879856261 3100.0 3100.0 6.27061893657
7192.03209611 5455.40763525 4698.35724579 176.134112942 3100.0 3100.0 6.28318530718
7195.86639654 5455.39289038 4698.48347731 176.388078523 3100.0 3100.0 6.29575167779
7199.70139217 5455.37815629 4698.60933509 176.64175347 3100.0 3100.0 6.30831804841
7007.04588467 5512.82673142 4698.65569737 168.12432893 3200.0 3200.0 5.54176944093
7203.5370809 5455.36343295 4698.73482072 176.895138246 3100.0 3100.0 6.32088441902
7010.80416399 5512.80977387 4698.82187412 168.40979444 3200.0 3200.0 5.55433581155
7207.37346064 5455.34872036 4698.85993578 177.148233315 3100.0 3100.0 6.33345078964
7211.2105293 5455.33401851 4698.98468185 177.401039138 3100.0 3100.0 6.34601716025
7014.56333178 5512.79282893 4698.98753152 168.694926743 3200.0 3200.0 5.56690218216
7215.04828483 5455.31932738 4699.10906048 177.653556176 3100.0 3100.0 6.35858353087
7018.32338513 5512.77589659 4699.15267185 168.979726375 3200.0 3200.0 5.57946855278
7218.88672515 5455.30464697 4699.23307324 177.905784891 3100.0 3100.0 6.37114990148
7022.08432118 5512.75897684 4699.31729741 169.264193872 3200.0 3200.0 5.59203492339
7025.84613706 5512.74206965 4699.48141048 169.54832977 3200.0 3200.0 5.604601294
7029.60882992 5512.72517502 4699.64501332 169.832134601 3200.0 3200.0 5.61716766462
7033.37239691 5512.70829293 4699.80810818 170.115608898 3200.0 3200.0 5.62973403523
7037.13683521 5512.69142337 4699.9706973 170.398753194 3200.0 3200.0 5.64230040585
7040.90214201 5512.67456633 4700.13278291 170.681568019 3200.0 3200.0 5.65486677646
7044.66831452 5512.65772179 4700.29436722 170.964053901 3200.0 3200.0 5.66743314708
7048.43534995 5512.64088973 4700.45545244 171.246211371 3200.0 3200.0 5.67999951769
7052.20324553 5512.62407015 4700.61604074 171.528040955 3200.0 3200.0 5.6925658883
7055.9719985 5512.60726303 4700.77613432 171.809543181 3200.0 3200.0 5.70513225892
7059.74160612 5512.59046835 4700.93573534 172.090718573 3200.0 3200.0 5.71769862953
7063.51206565 5512.57368611 4701.09484594 172.371567655 3200.0 3200.0 5.73026500015
7067.28337438 5512.55691628 4701.25346828 172.652090953 3200.0 3200.0 5.74283137076
7071.05552961 5512.54015886 4701.41160448 172.932288987 3200.0 3200.0 5.75539774138
7074.82852863 5512.52341383 4701.56925666 173.21216228 3200.0 3200.0 5.76796411199
7078.60236878 5512.50668117 4701.72642693 173.491711351 3200.0 3200.0 5.78053048261
7082.37704737 5512.48996088 4701.88311738 173.77093672 3200.0 3200.0 5.79309685322
7086.15256177 5512.47325294 4702.03933009 174.049838906 3200.0 3200.0 5.80566322383
7089.92890933 5512.45655734 4702.19506715 174.328418427 3200.0 3200.0 5.81822959445
6955.4051154 5570.98877624 4702.30375743 168.008309059 3300.0 3300.0 5.22761017557
7093.70608741 5512.43987406 4702.3503306 174.606675797 3200.0 3200.0 5.83079596506
6959.10735551 5570.96983546 4702.49987286 168.316132478 3300.0 3300.0 5.24017654619
7097.4840934 5512.42320308 4702.5051225 174.884611533 3200.0 3200.0 5.84336233568
7101.2629247 5512.40654441 4702.65944489 175.16222615 3200.0 3200.0 5.85592870629
6962.8106126 5570.95090884 4702.69537158 168.623595238 3300.0 3300.0 5.2527429168
7105.04257871 5512.38989801 4702.8132998 175.43952016 3200.0 3200.0 5.86849507691
6966.5148833 5570.93199637 4702.89025633 168.930697919 3300.0 3300.0 5.26530928742
7108.82305285 5512.37326388 4702.96668923 175.716494076 3200.0 3200.0 5.88106144752
6970.22016427 5570.91309803 4703.0845298 169.237441097 3300.0 3300.0 5.27787565803
7112.60434456 5512.35664201 4703.1196152 175.993148409 3200.0 3200.0 5.89362781813
7116.38645128 5512.34003238 4703.2720797 176.26948367 3200.0 3200.0 5.90619418875
6973.92645219 5570.89421381 4703.27819469 169.54382535 3300.0 3300.0 5.29044202865
7120.16937046 5512.32343498 4703.42408471 176.545500368 3200.0 3200.0 5.91876055936
6977.63374373 5570.87534369 4703.47125368 169.849851254 3300.0 3300.0 5.30300839926
7123.95309957 5512.30684979 4703.57563221 176.821199012 3200.0 3200.0 5.93132692998
6981.34203561 5570.85648765 4703.66370943 170.155519381 3300.0 3300.0 5.31557476987
7127.7376361 5512.2902768 4703.72672416 177.09658011 3200.0 3200.0 5.94389330059
6985.05132454 5570.83764568 4703.85556458 170.460830307 3300.0 3300.0 5.32814114049
7131.52297752 5512.27371601 4703.87736251 177.371644166 3200.0 3200.0 5.95645967121
7135.30912135 5512.25716738 4704.02754919 177.646391688 3200.0 3200.0 5.96902604182
6988.76160726 5570.81881777 4704.04682177 170.765784603 3300.0 3300.0 5.3407075111
7139.0960651 5512.24063092 4704.17728615 177.92082318 3200.0 3200.0 5.98159241243
6992.47288051 5570.80000389 4704.23748362 171.070382839 3300.0 3300.0 5.35327388172
6996.18514107 5570.78120404 4704.42755274 171.374625587 3300.0 3300.0 5.36584025233
6999.89838571 5570.76241819 4704.61703171 171.678513415 3300.0 3300.0 5.37840662295
7003.61261124 5570.74364634 4704.80592311 171.982046891 3300.0 3300.0 5.39097299356
7007.32781445 5570.72488846 4704.9942295 172.285226582 3300.0 3300.0 5.40353936417
7011.04399219 5570.70614454 4705.18195344 172.588053053 3300.0 3300.0 5.41610573479
7014.76114129 5570.68741456 4705.36909745 172.890526869 3300.0 3300.0 5.4286721054
6921.92107456 5630.28919345 4705.53433084 168.253296659 3400.0 3400.0 4.96371639267
7018.4792586 5570.66869852 4705.55566406 173.192648593 3300.0 3300.0 5.44123847602
7022.198341 5570.64999639 4705.74165578 173.494418789 3300.0 3300.0 5.45380484663
6925.56666345 5630.26818418 4705.7614441 168.582954742 3400.0 3400.0 4.97628276329
7025.91838539 5570.63130815 4705.9270751 173.795838016 3300.0 3300.0 5.46637121725
6929.21339501 5630.24719068 4705.98784483 168.912226027 3400.0 3400.0 4.9888491339
7029.63938864 5570.6126338 4706.1119245 174.096906836 3300.0 3300.0 5.47893758786
6932.86126546 5630.22621293 4706.21353612 169.241111132 3400.0 3400.0 5.00141550451
7033.36134769 5570.59397332 4706.29620644 174.397625808 3300.0 3300.0 5.49150395847
6936.51027104 5630.20525091 4706.43852105 169.569610672 3400.0 3400.0 5.01398187513
7037.08425947 5570.57532669 4706.47992339 174.69799549 3300.0 3300.0 5.50407032909
6940.160408 5630.18430462 4706.66280269 169.897725261 3400.0 3400.0 5.02654824574
7040.80812091 5570.5566939 4706.66307778 174.998016438 3300.0 3300.0 5.5166366997
7044.53292898 5570.53807492 4706.84567204 175.29768921 3300.0 3300.0 5.52920307032
6943.81167261 5630.16337402 4706.88638409 170.225455513 3400.0 3400.0 5.03911461636
7048.25868064 5570.51946976 4707.02770858 175.597014359 3300.0 3300.0 5.54176944093
6947.46406115 5630.14245911 4707.10926829 170.552802041 3400.0 3400.0 5.05168098697
7051.9853729 5570.50087838 4707.2091898 175.895992441 3300.0 3300.0 5.55433581155
6951.11756992 5630.12155986 4707.33145831 170.879765455 3400.0 3400.0 5.06424735759
7055.71300274 5570.48230078 4707.3901181 176.194624006 3300.0 3300.0 5.56690218216
6954.77219526 5630.10067625 4707.55295715 171.206346365 3400.0 3400.0 5.0768137282
7059.44156719 5570.46373694 4707.57049585 176.492909609 3300.0 3300.0 5.57946855278
7063.17106327 5570.44518685 4707.75032541 176.790849798 3300.0 3300.0 5.59203492339
6958.4279335 5630.07980828 4707.7737678 171.532545381 3400.0 3400.0 5.08938009882
6895.27088108 5690.74381285 4707.82775953 168.035626084 3500.0 3500.0 4.71238898038
7066.90148802 5570.42665048 4707.92960913 177.088445124 3300.0 3300.0 5.604601294
6962.08478099 5630.05895592 4707.99389322 171.858363109 3400.0 3400.0 5.10194646943
6898.85685014 5690.72061376 4708.08826733 168.387513398 3500.0 3500.0 4.724955351
7070.63283851 5570.40812784 4708.10834935 177.385696135 3300.0 3300.0 5.61716766462
6965.7427341 5630.03811915 4708.21333639 172.183800157 3400.0 3400.0 5.11451284004
7074.36511181 5570.38961889 4708.28654839 177.68260338 3300.0 3300.0 5.62973403523
6902.44409117 5690.69743214 4708.34796345 168.738987638 3500.0 3500.0 4.73752172161
6969.40178924 5630.01729796 4708.43210023 172.50885713 3400.0 3400.0 5.12707921066
7078.09830499 5570.37112362 4708.46420858 177.979167404 3300.0 3300.0 5.64230040585
6906.03259997 5690.67426797 4708.60685134 169.090049458 3500.0 3500.0 4.75008809223
6973.06194279 5629.99649233 4708.65018767 172.833534632 3400.0 3400.0 5.13964558127
6909.62237238 5690.65112123 4708.86493446 169.440699511 3500.0 3500.0 4.76265446284
6976.7231912 5629.97570224 4708.86760161 173.157833266 3400.0 3400.0 5.15221195189
6980.38553089 5629.95492768 4709.08434497 173.481753634 3400.0 3400.0 5.1647783225
6913.21340426 5690.62799191 4709.12221622 169.790938447 3500.0 3500.0 4.77522083346
7062.96163354 6349.65715675 4709.14508892 168.458963757 4500.0 4500.0 3.26725635973
6984.04895832 5629.93416862 4709.3004206 173.805296337 3400.0 3400.0 5.17734469312
6916.80569146 5690.60487998 4709.37870005 170.140766918 3500.0 3500.0 4.78778720407
6987.71346997 5629.91342506 4709.51583138 174.128461975 3400.0 3400.0 5.18991106373
6920.39922989 5690.58178541 4709.63438932 170.490185571 3500.0 3500.0 4.80035357469
6991.37906233 5629.89269697 4709.73058016 174.451251146 3400.0 3400.0 5.20247743434
7065.97246439 6349.6075014 4709.73185353 169.015088353 4500.0 4500.0 3.27982273035
6882.42057043 5752.26669573 4709.78050887 168.144274354 3600.0 3600.0 4.49876067994
6923.99401544 5690.55870821 4709.88928741 170.839195056 3500.0 3500.0 4.8129199453
6995.04573189 5629.87198434 4709.94466976 174.773664447 3400.0 3400.0 5.21504380496
7022.41172144 6279.78800185 4709.97214962 168.167453749 4400.0 4400.0 3.35522095403
6885.94718134 5752.24122669 4710.07465606 168.517817604 3600.0 3600.0 4.51132705055
6927.59004404 5690.53564833 4710.14339768 171.187796018 3500.0 3500.0 4.82548631591
6998.71347519 5629.85128714 4710.158103 175.095702476 3400.0 3400.0 5.22761017557
7068.98535256 6349.55788316 4710.31726888 169.570591223 4500.0 4500.0 3.29238910096
6889.47518523 5752.21577687 4710.36789926 168.890922915 3600.0 3600.0 4.52389342117
7002.38228875 5629.83060537 4710.3708827 175.417365828 3400.0 3400.0 5.24017654619
6931.18731164 5690.51260577 4710.39672346 171.535989103 3500.0 3500.0 4.83805268653
7025.47400242 6279.74130193 4710.53082646 168.704962284 4400.0 4400.0 3.36778732465
7006.05216914 5629.809939 4710.58301164 175.738655095 3400.0 3400.0 5.2527429168
6934.7858142 5690.48958051 4710.64926809 171.883774955 3500.0 3500.0 4.85061905714
6893.00457759 5752.19034625 4710.66024223 169.263590974 3600.0 3600.0 4.53645979178
7009.72311292 5629.78928802 4710.79449259 176.059570872 3400.0 3400.0 5.26530928742
6986.6097893 6210.7117242 4710.86307898 168.087805858 4300.0 4300.0 3.45575191895
6938.3855477 5690.46657252 4710.90103485 172.231154217 3500.0 3500.0 4.86318542776
7072.00029364 6349.50830199 4710.9013384 170.125473225 4500.0 4500.0 3.30495547158
6896.53535393 5752.1649348 4710.9516887 169.635822465 3600.0 3600.0 4.5490261624
7013.39511668 5629.76865241 4711.00532831 176.380113751 3400.0 3400.0 5.27787565803
7028.53831141 6279.69463701 4711.08816326 169.241865376 4400.0 4400.0 3.38035369526
6941.98650814 5690.44358179 4711.15202706 172.578127531 3500.0 3500.0 4.87575179837
7017.06817701 5629.74803216 4711.21552155 176.700284321 3400.0 3400.0 5.29044202865
6900.06750977 5752.1395425 4711.24224237 170.007618073 3600.0 3600.0 4.56159253301
6879.42378171 5814.83660645 4711.30436781 168.361106444 3700.0 3700.0 4.31026512073
6989.72588912 6210.667932 4711.39188638 168.60608877 4300.0 4300.0 3.46831828956
6945.58869153 5690.42060829 4711.40224797 172.924695538 3500.0 3500.0 4.88831816899
7020.74229054 5629.72742724 4711.42507504 177.020083174 3400.0 3400.0 5.30300839926
7075.01728321 6349.45875785 4711.48406552 170.679735216 4500.0 4500.0 3.31752184219
6903.60104067 5752.11416934 4711.53190693 170.378978482 3600.0 3600.0 4.57415890363
6882.891021 5814.80878082 4711.6324322 168.755952938 3700.0 3700.0 4.32283149134
7024.4174539 5629.70683764 4711.6339915 177.339510896 3400.0 3400.0 5.31557476987
7031.60464379 6279.64800707 4711.64416369 169.778163874 4400.0 4400.0 3.39292006588
6949.19209392 5690.39765201 4711.65170083 173.270858877 3500.0 3500.0 4.9008845396
6955.75781869 6142.46190302 4711.71298751 168.161322203 4200.0 4200.0 3.56884925448
6907.13594218 5752.08881528 4711.82068608 170.749904372 3600.0 3600.0 4.58672527424
7028.09366374 5629.68626334 4711.84227362 177.658568076 3400.0 3400.0 5.32814114049
6952.79671135 5690.37471293 4711.9003889 173.616618187 3500.0 3500.0 4.91345091021
6992.84397629 6210.62417271 4711.91937301 169.123783756 4300.0 4300.0 3.48088466018
6886.35976617 5814.7809762 4711.9595074 169.150337679 3700.0 3700.0 4.33539786195
7031.77091671 5629.66570433 4712.0499241 177.977255301 3400.0 3400.0 5.3407075111
7078.03631688 6349.4092507 4712.06545366 171.23337805 4500.0 4500.0 3.33008821281
6910.6722099 5752.06348031 4712.10858345 171.120396424 3600.0 3600.0 4.59929164486
6956.40253989 5690.35179103 4712.14831539 173.961974104 3500.0 3500.0 4.92601728083
7034.67299491 6279.60141206 4712.1988314 170.313858625 4400.0 4400.0 3.40548643649
6882.54431536 5878.44119089 4712.19961588 168.384907185 3800.0 3800.0 4.13433593212
6958.92982959 6142.42096222 4712.21033482 168.659839843 4200.0 4200.0 3.58141562509
6889.83001244 5814.75319258 4712.28559737 169.544261383 3700.0 3700.0 4.34796423257
6960.00957564 5690.32888629 4712.3954835 174.306927265 3500.0 3500.0 4.93858365144
6914.20983942 5752.03816441 4712.39560269 171.490455318 3600.0 3600.0 4.61185801547
6930.0615623 6075.07248376 4712.41416298 168.328626227 4100.0 4100.0 3.69451296062
6906.44051358 6008.61321153 4712.42667621 168.072005018 4000.0 4000.0 3.82017666677
6995.96404601 6210.5804463 4712.44554273 169.640891654 4300.0 4300.0 3.49345103079
6891.61176749 5943.04509821 4712.54364937 168.269740701 3900.0 3900.0 3.97097311414
6885.95143643 5878.41090954 4712.56225137 168.801025717 3800.0 3800.0 4.14690230274
6893.30175508 5814.72542993 4712.61070605 169.937724765 3700.0 3700.0 4.36053060318
6963.6178147 5690.30599869 4712.64189643 174.651478304 3500.0 3500.0 4.95115002206
7081.05739024 6349.3597805 4712.64550624 171.786402582 4500.0 4500.0 3.34265458342
6917.74882638 5752.01286756 4712.68174743 171.860081732 3600.0 3600.0 4.62442438608
6962.10377528 6142.38005225 4712.70639129 169.157788253 4200.0 4200.0 3.59398199571
7037.74336018 6279.55485194 4712.75217004 170.848950479 4400.0 4400.0 3.41805280711
6909.72737882 6008.57774491 4712.85861232 168.53020841 4000.0 4000.0 3.83274303738
6933.29123156 6075.03432973 4712.87871381 168.806914206 4100.0 4100.0 3.70707933124
6967.22725319 5690.28312822 4712.88755735 174.995627855 3500.0 3500.0 4.96371639267
6889.36016993 5878.38065108 4712.92381832 169.216659227 3800.0 3800.0 4.15946867335
6896.77498938 5814.69768823 4712.93483737 170.330728539 3700.0 3700.0 4.3730969738
6894.9585811 5943.01226774 4712.94105695 168.707008285 3900.0 3900.0 3.98353948475
6921.28916641 5751.98758973 4712.96702127 172.229276342 3600.0 3600.0 4.6369907567
6999.08609346 6210.53675272 4712.97039937 170.157413302 4300.0 4300.0 3.50601740141
6970.83788725 5690.26027484 4713.13246942 175.339376551 3500.0 3500.0 4.97628276329
6965.2796508 6142.33917307 4713.20116093 169.655168259 4200.0 4200.0 3.60654836632
7084.0804989 6349.31034721 4713.22422668 172.338809665 4500.0 4500.0 3.35522095403
6924.83085517 5751.9623309 4713.25142778 172.598039824 3600.0 3600.0 4.64955712731
6900.24971061 5814.66996745 4713.25799523 170.723273418 3700.0 3700.0 4.38566334441
6892.77051091 5878.35041547 4713.28432083 169.631808457 3800.0 3800.0 4.17203504397
6913.01604255 6008.54230508 4713.28934615 168.987882418 4000.0 4000.0 3.84530940799
7040.81573499 6279.50832667 4713.30418325 171.383440279 4400.0 4400.0 3.43061917772
6898.30710524 5942.97946208 4713.33732445 169.14376826 3900.0 3900.0 3.99610585537
6936.52277088 6074.99620447 4713.34201472 169.284652761 4100.0 4100.0 3.71964570185
6974.44971305 5690.23743855 4713.37663578 175.682725022 3500.0 3500.0 4.9888491339
7002.21011385 6210.49309195 4713.4939468 170.673349536 4300.0 4300.0 3.51858377202
6928.37388834 5751.93709105 4713.53497055 172.966372853 3600.0 3600.0 4.66212349793
6903.72591412 5814.64226757 4713.58018351 171.115360112 3700.0 3700.0 4.39822971503
6978.06272675 5690.21461932 4713.62005955 176.025673899 3500.0 3500.0 5.00141550451
6896.18245444 5878.3202027 4713.643763 170.04647415 3800.0 3800.0 4.18460141458
6968.4574512 6142.29832467 4713.69464776 170.151980684 4200.0 4200.0 3.61911473694
6916.30649968 6008.50689201 4713.7188819 169.445027833 4000.0 4000.0 3.85787577861
6901.65733485 5942.94668121 4713.73245604 169.580021394 3900.0 3900.0 4.00867222598
7087.10563849 6349.26095078 4713.80161837 172.890600151 4500.0 4500.0 3.36778732465
6939.75617523 6074.95810796 4713.80406986 169.761842701 4100.0 4100.0 3.73221207246
6931.91826163 5751.91187017 4713.81765313 173.334276102 3600.0 3600.0 4.67468986854
7043.89011473 6279.46183622 4713.85487465 171.917328872 4400.0 4400.0 3.44318554833
6981.67692456 5690.19181714 4713.86274384 176.368223811 3500.0 3500.0 5.01398187513
6907.20359522 5814.61458857 4713.90140611 171.506989331 3700.0 3700.0 4.41079608564
6899.59599563 5878.29001274 4714.00214891 170.460657048 3800.0 3800.0 4.1971677852
7005.33610241 6210.44946395 4714.01618882 171.188701191 4300.0 4300.0 3.53115014263
6935.46397075 5751.88666822 4714.09947905 173.701750242 3600.0 3600.0 4.68725623916
6985.29230268 5690.16903199 4714.10469175 176.710375386 3500.0 3500.0 5.02654824574
6905.0092649 5942.91392509 4714.12645591 170.015768455 3900.0 3900.0 4.02123859659
6919.59874515 6008.47150567 4714.14722376 169.901645443 4000.0 4000.0 3.87044214922
6971.63717155 6142.25750699 4714.18685578 170.648226351 4200.0 4200.0 3.63168110755
6910.68274927 5814.58693042 4714.22166685 171.898161785 3700.0 3700.0 4.42336245625
6942.99143956 6074.92004016 4714.26488332 170.238484834 4100.0 4100.0 3.74477844308
6988.90885733 5690.14626384 4714.34590636 177.05212925 3500.0 3500.0 5.03911461636
6903.01112958 5878.25984556 4714.3594826 170.874357889 3800.0 3800.0 4.20973415581
7090.13280462 6349.21159117 4714.37768472 173.441774891 4500.0 4500.0 3.38035369526
6939.01101143 5751.8614852 4714.38045182 174.068795945 3600.0 3600.0 4.69982260977
7046.96649483 6279.41538054 4714.40424788 172.450617101 4400.0 4400.0 3.45575191895
6908.36289038 5942.8811937 4714.51932822 170.451010208 3900.0 3900.0 4.03380496721
7008.46405435 6210.40586868 4714.53712928 171.7034691 4300.0 4300.0 3.54371651325
6914.16337166 5814.5592931 4714.54096959 172.288878181 3700.0 3700.0 4.43592882687
6922.89277388 6008.43614603 4714.5743759 170.357736037 4000.0 4000.0 3.88300851984
6992.52658476 5690.12351269 4714.58639072 177.393486028 3500.0 3500.0 5.05168098697
6942.55937943 5751.83632107 4714.66057496 174.43541388 3600.0 3600.0 4.71238898038
6974.81880693 6142.21672001 4714.67778896 171.143906081 4200.0 4200.0 3.64424747816
6906.42785143 5878.22970113 4714.71576812 171.287577414 3800.0 3800.0 4.22230052642
6946.22855887 6074.88200105 4714.72445923 170.714579965 4100.0 4100.0 3.75734481369
6996.14548123 5690.1007785 4714.82614789 177.734446346 3500.0 3500.0 5.06424735759
6917.64545776 5814.53167659 4714.85931814 172.679139225 3700.0 3700.0 4.44849519748
6911.71820628 5942.84848702 4714.91107709 170.885747418 3900.0 3900.0 4.04637133782
6946.10907053 5751.81117581 4714.93985193 174.801604715 3600.0 3600.0 4.724955351
7050.0448707 6279.36895961 4714.95230654 172.983305807 4400.0 4400.0 3.46831828956
7093.16199293 6349.16226835 4714.95242913 173.992334735 4500.0 4500.0 3.39292006588
6926.18858084 6008.40081306 4715.00034247 170.813300402 4000.0 4000.0 3.89557489045
7011.59396492 6210.3623061 4715.05677198 172.217654096 4300.0 4300.0 3.55628288386
6909.84615634 5878.19957944 4715.07100949 171.700316357 3800.0 3800.0 4.23486689704
6978.00235245 6142.17596369 4715.16745128 171.639020693 4200.0 4200.0 3.65681384878
6921.12900301 5814.50408086 4715.17671629 173.068945623 3700.0 3700.0 4.4610615681
6949.46752815 6074.84399059 4715.18280167 171.190128898 4100.0 4100.0 3.76991118431
6949.6600805 5751.78604941 4715.21828622 175.167369118 3600.0 3600.0 4.73752172161
6915.07520762 5942.815805 4715.30170666 171.319980848 3900.0 3900.0 4.05893770844
6929.486161 6008.36550673 4715.42512761 171.268339322 4000.0 4000.0 3.90814126107
6913.26603947 5878.16948045 4715.42521071 172.112575456 3800.0 3800.0 4.24743326765
6924.61400282 5814.47650589 4715.49316784 173.458298077 3700.0 3700.0 4.47362793871
6953.21240518 5751.76094185 4715.49588126 175.532707754 3600.0 3600.0 4.75008809223
7053.12523778 6279.32257337 4715.49905424 173.515395833 4400.0 4400.0 3.48088466018
7096.19319906 6349.11298228 4715.52585497 174.542280531 4500.0 4500.0 3.40548643649
7014.72582936 6210.31877618 4715.57512072 172.731257011 4300.0 4300.0 3.56884925448
6952.70834241 6074.80600874 4715.63991472 171.665132439 4100.0 4100.0 3.78247755492
6981.1878032 6142.135238 4715.65584671 172.133571007 4200.0 4200.0 3.66938021939
6918.43388944 5942.78314763 4715.69122104 171.753711261 3900.0 3900.0 4.07150407905
6956.76604036 5751.73585309 4715.7726405 175.897621288 3600.0 3600.0 4.76265446284
6916.68749601 5878.13940415 4715.77837579 172.524355446 3800.0 3800.0 4.25999963827
6928.10045264 5814.44895166 4715.80867655 173.847197291 3700.0 3700.0 4.48619430933
6932.78550936 6008.33022701 4715.84873545 171.722853581 4000.0 4000.0 3.92070763168
7056.2075915 6279.2762218 4716.04449459 174.046888018 4400.0 4400.0 3.49345103079
6960.32098192 5751.71078313 4716.04856735 176.262110384 3600.0 3600.0 4.77522083346
6921.7942468 5942.75051488 4716.07962431 172.186939415 3900.0 3900.0 4.08407044967
7017.85964295 6210.27527888 4716.0921793 173.244278674 4300.0 4300.0 3.58141562509
6955.95099669 6074.76805549 4716.09580245 172.139591387 4100.0 4100.0 3.79504392554
7099.22641866 6349.06373291 4716.09796564 175.091613126 4500.0 4500.0 3.41805280711
6931.58834795 5814.42141814 4716.12324616 174.235643966 3700.0 3700.0 4.49876067994
6920.11052117 5878.1093505 4716.13050868 172.935657059 3800.0 3800.0 4.27256600888
6984.37515431 6142.09454291 4716.14297921 172.62755784 4200.0 4200.0 3.68194659001
6936.08662092 6008.29497387 4716.2711701 172.176843963 4000.0 4000.0 3.93327400229
6963.8772257 5751.68573194 4716.3236652 176.626175704 3600.0 3600.0 4.78778720407
6935.07768424 5814.39390532 4716.43688042 174.623638801 3700.0 3700.0 4.51132705055
6925.15627475 5942.71790672 4716.46692055 172.619666072 3900.0 3900.0 4.09663682028
6923.53511017 5878.07931947 4716.48161334 173.346481028 3800.0 3800.0 4.2851323795
6959.19548601 6074.73013079 4716.55046891 172.613506545 4100.0 4100.0 3.80761029615
7059.29192732 6279.22990485 4716.58863118 174.577783202 4400.0 4400.0 3.50601740141
6967.43476759 5751.6606995 4716.59793745 176.989817909 3600.0 3600.0 4.80035357469
7020.99540095 6210.23181417 4716.60795151 173.756719914 4300.0 4300.0 3.59398199571
6987.56440091 6142.05387837 4716.6288527 173.120982008 4200.0 4200.0 3.69451296062
7102.26164737 6349.01452021 4716.6687645 175.640333367 4500.0 4500.0 3.43061917772
6939.38949071 6008.25974728 4716.69243565 172.630311248 4000.0 4000.0 3.94584037291
6938.568457 5814.36641316 4716.74958302 175.011182496 3700.0 3700.0 4.52389342117
6926.96125826 5878.04931106 4716.83169371 173.756828084 3800.0 3800.0 4.29769875011
6928.5199684 5942.68532312 4716.85311382 173.051891989 3900.0 3900.0 4.1092031909
6970.99360348 5751.63568579 4716.87138745 177.353037659 3600.0 3600.0 4.8129199453
6962.44180545 6074.69223461 4717.00391814 173.086878712 4100.0 4100.0 3.82017666677
6942.06066177 5814.33894164 4717.06135767 175.398275749 3700.0 3700.0 4.53645979178
6942.69411376 6008.22454722 4717.11253619 173.083256217 4000.0 4000.0 3.95840674352
6990.75553815 6142.01324436 4717.11347112 173.613844327 4200.0 4200.0 3.70707933124
7024.13309865 6210.18838201 4717.12244111 174.268581559 4300.0 4300.0 3.60654836632
7062.3782407 6279.18362248 4717.13146758 175.108082221 4400.0 4400.0 3.51858377202
6974.5537293 5751.61069078 4717.14401857 177.715835613 3600.0 3600.0 4.82548631591
6930.3889607 5878.01932522 4717.18075371 174.166698956 3800.0 3800.0 4.31026512073
6931.88532286 5942.65276406 4717.23820817 173.483617923 3900.0 3900.0 4.12176956151
7105.29888087 6348.96534412 4717.23825492 176.188442099 4500.0 4500.0 3.44318554833
6945.55429408 5814.31149075 4717.37220806 175.784919255 3700.0 3700.0 4.5490261624
6965.68995007 6074.65436693 4717.45615417 173.559708687 4100.0 4100.0 3.83274303738
6933.81821277 5877.98936194 4717.52879724 174.576094373 3800.0 3800.0 4.32283149134
6946.00048513 6008.18937364 4717.53147577 173.53567965 4000.0 4000.0 3.97097311414
6993.94856118 6141.97264084 4717.59683838 174.106145609 4200.0 4200.0 3.71964570185
6935.25233323 5942.6202295 4717.62220761 173.91484463 3900.0 3900.0 4.13433593212
7027.27273134 6210.14498235 4717.63565186 174.779864436 4300.0 4300.0 3.61911473694
7065.4665271 6279.13737466 4717.67300739 175.637785912 4400.0 4400.0 3.53115014263
6949.0493495 5814.28406045 4717.68213784 176.17111371 3700.0 3700.0 4.56159253301
7108.33811482 6348.91620462 4717.80644028 176.735940165 4500.0 4500.0 3.45575191895
6937.24900978 5877.95942118 4717.87582819 174.985015062 3800.0 3800.0 4.33539786195
6968.93991495 6074.6165277 4717.907181 174.031997265 4100.0 4100.0 3.84530940799
6949.30859989 6008.15422653 4717.94925846 173.987582323 4000.0 4000.0 3.98353948475
6952.5458236 5814.25665073 4717.99115065 176.556859807 3700.0 3700.0 4.57415890363
6938.62099467 5942.58771942 4718.00511617 174.345572864 3900.0 3900.0 4.14690230274
6997.14346518 6141.93206778 4718.0789584 174.597886668 4200.0 4200.0 3.73221207246
7030.41429432 6210.10161518 4718.14758754 175.290569369 4300.0 4300.0 3.63168110755
7068.55678199 6279.09116135 4718.21325416 176.166895111 4400.0 4400.0 3.54371651325
6940.68134703 5877.92950293 4718.22185043 175.393461749 3800.0 3800.0 4.34796423257
6956.04371199 5814.22926156 4718.29925014 176.942158241 3700.0 3700.0 4.58672527424
6972.19169521 6074.5787169 4718.35700264 174.503745244 4100.0 4100.0 3.85787577861
6952.61845314 6008.11910585 4718.36588829 174.438965013 4000.0 4000.0 3.99610585537
7111.3793449 6348.86710167 4718.37332392 177.282828409 4500.0 4500.0 3.46831828956
6941.99130234 5942.5552338 4718.38693783 174.775803378 3900.0 3900.0 4.15946867335
7000.34024534 6141.89152514 4718.55983506 175.089068314 4200.0 4200.0 3.74477844308
6944.11521986 5877.89960716 4718.56686782 175.801435159 3800.0 3800.0 4.36053060318
6959.54301027 5814.20189292 4718.60643991 177.327009701 3700.0 3700.0 4.59929164486
7033.55778292 6210.05828045 4718.65825187 175.800697183 4300.0 4300.0 3.64424747816
7071.64900088 6279.04498251 4718.75221145 176.695410651 4400.0 4400.0 3.55628288386
6945.3632514 5942.5227726 4718.76767658 175.205536924 3900.0 3900.0 4.17203504397
6955.93003997 6008.08401157 4718.78136927 174.889828495 4000.0 4000.0 4.00867222598
6975.44528595 6074.5409345 4718.80562307 174.974953418 4100.0 4100.0 3.87044214922
6947.55062364 5877.86973384 4718.91088419 176.208936014 3800.0 3800.0 4.3730969738
6963.04371408 5814.17454479 4718.91272356 177.711414878 3700.0 3700.0 4.61185801547
7114.4225668 6348.81803521 4718.9389092 177.829107671 4500.0 4500.0 3.48088466018
7003.53889685 6141.85101289 4719.03947226 175.579691359 4200.0 4200.0 3.75734481369
6948.73683707 5942.4903358 4719.14733638 175.634774252 3900.0 3900.0 4.18460141458
7036.70319246 6210.01497812 4719.1676486 176.310248701 4300.0 4300.0 3.65681384878
6959.24335551 6008.04894367 4719.19570543 175.340173544 4000.0 4000.0 4.02123859659
6978.7006823 6074.50318046 4719.25304627 175.44562258 4100.0 4100.0 3.88300851984
6950.98755372 5877.83988294 4719.25390335 176.615965038 3800.0 3800.0 4.38566334441
7074.74317925 6278.9988381 4719.28988283 177.223333366 4400.0 4400.0 3.56884925448
7006.73941492 6141.810531 4719.51787386 176.06975661 4200.0 4200.0 3.76991118431
6952.11205453 5942.45792337 4719.52592118 176.063516112 3900.0 3900.0 4.1971677852
6954.42600549 5877.81005445 4719.59592913 177.02252295 3800.0 3800.0 4.39822971503
6962.5583949 6008.01390211 4719.60890074 175.790000931 4000.0 4000.0 4.03380496721
7039.85051829 6209.97170817 4719.67578146 176.819224743 4300.0 4300.0 3.66938021939
6981.9578794 6074.46545476 4719.69927619 175.915753522 4100.0 4100.0 3.89557489045
7077.8393126 6278.95272809 4719.82627183 177.750664087 4400.0 4400.0 3.58141562509
6955.48889904 5942.42553529 4719.9034349 176.491763252 3900.0 3900.0 4.20973415581
6957.86597437 5877.78024834 4719.9369653 177.428610472 3800.0 3800.0 4.41079608564
7009.94179478 6141.77007943 4719.99504372 176.559264875 4200.0 4200.0 3.78247755492
6965.87515328 6007.97888687 4720.02095919 176.239311429 4000.0 4000.0 4.04637133782
6985.21687243 6074.42775735 4720.14431679 176.385347036 4100.0 4100.0 3.90814126107
7042.99975574 6209.92847054 4720.18265415 177.327626131 4300.0 4300.0 3.68194659001
6961.30745577 5877.75046458 4720.27701563 177.83422832 3800.0 3800.0 4.42336245625
6958.86736581 5942.39317152 4720.27988147 176.919516418 3900.0 3900.0 4.22230052642
6969.19362583 6007.94389791 4720.43188475 176.688105807 4000.0 4000.0 4.05893770844
7013.14603166 6141.72965815 4720.47098569 177.048216961 4200.0 4200.0 3.79504392554
6988.47765655 6074.39008822 4720.588172 176.85440391 4100.0 4100.0 3.92070763168
6962.24745013 5942.36083204 4720.65526479 177.346776357 3900.0 3900.0 4.23486689704
7046.15090018 6209.88526522 4720.68827039 177.835453683 4300.0 4300.0 3.69451296062
6972.51380773 6007.9089352 4720.84168136 177.136384834 4000.0 4000.0 4.07150407905
7016.35212081 6141.68926713 4720.94570362 177.536613673 4200.0 4200.0 3.80761029615
6965.62914727 5942.32851682 4721.02958875 177.773543812 3900.0 3900.0 4.24743326765
6991.74022694 6074.35244733 4721.03084575 177.322924934 4100.0 4100.0 3.93327400229
6975.83569418 6007.87399873 4721.25035295 177.584149279 4000.0 4000.0 4.08407044967
6995.00457881 6074.31483464 4721.47234193 177.790910893 4100.0 4100.0 3.94584037291
