8948.85810805 5629.88842627 5152.2169572 168.059651734 2600.0 2600.0 12.0008839367
8952.54203626 5629.88401437 5152.23778441 168.165854265 2600.0 2600.0 12.0134503073
8956.22610229 5629.87960488 5152.25857195 168.27196692 2600.0 2600.0 12.0260166779
8959.91030594 5629.87519782 5152.27931993 168.377989811 2600.0 2600.0 12.0385830486
8963.59464695 5629.87079318 5152.30002847 168.483923047 2600.0 2600.0 12.0511494192
8967.27912511 5629.86639095 5152.32069766 168.589766739 2600.0 2600.0 12.0637157898
8970.96374018 5629.86199114 5152.34132763 168.695520996 2600.0 2600.0 12.0762821604
8974.64849193 5629.85759375 5152.36191849 168.801185928 2600.0 2600.0 12.088848531
8978.33338014 5629.85319876 5152.38247034 168.906761646 2600.0 2600.0 12.1014149016
8982.01840457 5629.84880618 5152.4029833 169.012248258 2600.0 2600.0 12.1139812722
8985.70356501 5629.84441601 5152.42345747 169.117645875 2600.0 2600.0 12.1265476429
8989.38886121 5629.84002825 5152.44389296 169.222954604 2600.0 2600.0 12.1391140135
8993.07429296 5629.83564288 5152.46428988 169.328174555 2600.0 2600.0 12.1516803841
8996.75986002 5629.83125992 5152.48464834 169.433305837 2600.0 2600.0 12.1642467547
9000.44556219 5629.82687936 5152.50496845 169.538348559 2600.0 2600.0 12.1768131253
9004.13139922 5629.82250119 5152.52525031 169.643302828 2600.0 2600.0 12.1893794959
9007.81737089 5629.81812542 5152.54549402 169.748168754 2600.0 2600.0 12.2019458665
9011.50347699 5629.81375205 5152.56569971 169.852946444 2600.0 2600.0 12.2145122372
9015.18971729 5629.80938106 5152.58586746 169.957636006 2600.0 2600.0 12.2270786078
9018.87609157 5629.80501246 5152.6059974 170.062237549 2600.0 2600.0 12.2396449784
9022.5625996 5629.80064625 5152.62608961 170.166751179 2600.0 2600.0 12.252211349
9026.24924116 5629.79628243 5152.64614422 170.271177004 2600.0 2600.0 12.2647777196
9029.93601604 5629.79192099 5152.66616131 170.375515131 2600.0 2600.0 12.2773440902
9033.62292401 5629.78756193 5152.686141 170.479765668 2600.0 2600.0 12.2899104608
9037.30996485 5629.78320525 5152.70608339 170.583928722 2600.0 2600.0 12.3024768315
9040.99713835 5629.77885095 5152.72598858 170.688004398 2600.0 2600.0 12.3150432021
9044.68444429 5629.77449903 5152.74585667 170.791992804 2600.0 2600.0 12.3276095727
9048.37188244 5629.77014947 5152.76568778 170.895894047 2600.0 2600.0 12.3401759433
9052.0594526 5629.76580229 5152.78548199 170.999708232 2600.0 2600.0 12.3527423139
9055.74715454 5629.76145748 5152.80523941 171.103435465 2600.0 2600.0 12.3653086845
9059.43498805 5629.75711504 5152.82496015 171.207075853 2600.0 2600.0 12.3778750551
9063.12295291 5629.75277496 5152.8446443 171.310629501 2600.0 2600.0 12.3904414258
9066.81104891 5629.74843725 5152.86429196 171.414096515 2600.0 2600.0 12.4030077964
9070.49927584 5629.7441019 5152.88390324 171.517477 2600.0 2600.0 12.415574167
9074.18763347 5629.73976891 5152.90347823 171.620771061 2600.0 2600.0 12.4281405376
9077.8761216 5629.73543828 5152.92301704 171.723978804 2600.0 2600.0 12.4407069082
9081.56474002 5629.73111 5152.94251976 171.827100334 2600.0 2600.0 12.4532732788
9085.2534885 5629.72678408 5152.96198649 171.930135755 2600.0 2600.0 12.4658396494
9088.94236684 5629.72246051 5152.98141733 172.033085172 2600.0 2600.0 12.4784060201
9092.63137484 5629.71813929 5153.00081238 172.135948689 2600.0 2600.0 12.4909723907
9096.32051226 5629.71382042 5153.02017173 172.23872641 2600.0 2600.0 12.5035387613
9100.00977892 5629.7095039 5153.03949549 172.341418441 2600.0 2600.0 12.5161051319
9103.69917459 5629.70518972 5153.05878375 172.444024884 2600.0 2600.0 12.5286715025
9107.38869908 5629.70087789 5153.07803661 172.546545843 2600.0 2600.0 12.5412378731
9111.07835216 5629.69656839 5153.09725415 172.648981422 2600.0 2600.0 12.5538042437
8635.43120936 5676.41960146 5160.42856988 168.061787172 2700.0 2700.0 10.8447778402
8639.08873862 5676.41432897 5160.45725912 168.184514993 2700.0 2700.0 10.8573442108
8642.74644428 5676.40905944 5160.48588922 168.307135552 2700.0 2700.0 10.8699105814
8646.40432602 5676.40379287 5160.51446037 168.429648985 2700.0 2700.0 10.882476952
8650.06238352 5676.39852926 5160.54297274 168.552055426 2700.0 2700.0 10.8950433226
8653.72061644 5676.39326861 5160.57142651 168.674355011 2700.0 2700.0 10.9076096933
8657.37902446 5676.38801092 5160.59982186 168.796547875 2700.0 2700.0 10.9201760639
8661.03760727 5676.38275617 5160.62815897 168.918634153 2700.0 2700.0 10.9327424345
8664.69636453 5676.37750438 5160.65643801 169.040613978 2700.0 2700.0 10.9453088051
8668.35529593 5676.37225553 5160.68465916 169.162487485 2700.0 2700.0 10.9578751757
8672.01440114 5676.36700963 5160.7128226 169.284254809 2700.0 2700.0 10.9704415463
8675.67367985 5676.36176666 5160.7409285 169.405916082 2700.0 2700.0 10.9830079169
8679.33313174 5676.35652664 5160.76897702 169.527471439 2700.0 2700.0 10.9955742876
8682.99275648 5676.35128956 5160.79696836 169.648921013 2700.0 2700.0 11.0081406582
8686.65255377 5676.34605541 5160.82490268 169.770264937 2700.0 2700.0 11.0207070288
8690.31252328 5676.34082419 5160.85278014 169.891503344 2700.0 2700.0 11.0332733994
8693.9726647 5676.3355959 5160.88060093 170.012636367 2700.0 2700.0 11.04583977
8697.63297772 5676.33037054 5160.90836521 170.133664138 2700.0 2700.0 11.0584061406
8701.29346202 5676.3251481 5160.93607315 170.25458679 2700.0 2700.0 11.0709725113
8704.95411729 5676.31992859 5160.96372492 170.375404454 2700.0 2700.0 11.0835388819
8708.61494322 5676.314712 5160.9913207 170.496117262 2700.0 2700.0 11.0961052525
8712.27593951 5676.30949832 5161.01886063 170.616725347 2700.0 2700.0 11.1086716231
8715.93710582 5676.30428756 5161.04634491 170.737228839 2700.0 2700.0 11.1212379937
8719.59844187 5676.29907971 5161.07377368 170.85762787 2700.0 2700.0 11.1338043643
8723.25994735 5676.29387477 5161.10114712 170.97792257 2700.0 2700.0 11.1463707349
8726.92162193 5676.28867274 5161.1284654 171.098113072 2700.0 2700.0 11.1589371056
8730.58346533 5676.28347361 5161.15572867 171.218199504 2700.0 2700.0 11.1715034762
8734.24547723 5676.27827739 5161.18293709 171.338181998 2700.0 2700.0 11.1840698468
8737.90765733 5676.27308407 5161.21009084 171.458060684 2700.0 2700.0 11.1966362174
8741.57000533 5676.26789364 5161.23719008 171.577835692 2700.0 2700.0 11.209202588
8745.23252091 5676.26270611 5161.26423497 171.697507151 2700.0 2700.0 11.2217689586
8748.89520379 5676.25752148 5161.29122566 171.817075192 2700.0 2700.0 11.2343353292
8752.55805366 5676.25233973 5161.31816232 171.936539942 2700.0 2700.0 11.2469016999
8756.22107023 5676.24716087 5161.34504511 172.055901533 2700.0 2700.0 11.2594680705
8759.88425318 5676.2419849 5161.37187419 172.175160091 2700.0 2700.0 11.2720344411
8763.54760222 5676.23681182 5161.39864972 172.294315747 2700.0 2700.0 11.2846008117
8767.21111706 5676.23164161 5161.42537185 172.413368629 2700.0 2700.0 11.2971671823
8770.8747974 5676.22647428 5161.45204075 172.532318865 2700.0 2700.0 11.3097335529
8774.53864294 5676.22130983 5161.47865656 172.651166583 2700.0 2700.0 11.3222999235
8778.20265339 5676.21614825 5161.50521945 172.769911911 2700.0 2700.0 11.3348662942
8781.86682845 5676.21098954 5161.53172958 172.888554976 2700.0 2700.0 11.3474326648
8785.53116783 5676.20583371 5161.55818709 173.007095907 2700.0 2700.0 11.3599990354
8789.19567124 5676.20068074 5161.58459214 173.125534831 2700.0 2700.0 11.372565406
8792.86033838 5676.19553063 5161.61094488 173.243871874 2700.0 2700.0 11.3851317766
8796.52516897 5676.19038339 5161.63724548 173.362107163 2700.0 2700.0 11.3976981472
8800.19016271 5676.185239 5161.66349408 173.480240826 2700.0 2700.0 11.4102645178
8803.85531932 5676.18009747 5161.68969083 173.598272988 2700.0 2700.0 11.4228308885
8807.5206385 5676.1749588 5161.71583588 173.716203776 2700.0 2700.0 11.4353972591
8811.18611997 5676.16982298 5161.74192939 173.834033316 2700.0 2700.0 11.4479636297
8814.85176345 5676.16469001 5161.76797151 173.951761734 2700.0 2700.0 11.4605300003
8818.51756864 5676.15955989 5161.79396238 174.069389156 2700.0 2700.0 11.4730963709
8822.18353526 5676.15443261 5161.81990216 174.186915707 2700.0 2700.0 11.4856627415
8825.84966302 5676.14930817 5161.84579099 174.304341511 2700.0 2700.0 11.4982291121
8829.51595165 5676.14418658 5161.87162902 174.421666696 2700.0 2700.0 11.5107954828
8833.18240086 5676.13906783 5161.8974164 174.538891384 2700.0 2700.0 11.5233618534
8836.84901036 5676.13395191 5161.92315328 174.656015701 2700.0 2700.0 11.535928224
8840.51577988 5676.12883882 5161.9488398 174.773039772 2700.0 2700.0 11.5484945946
8844.18270913 5676.12372856 5161.9744761 174.88996372 2700.0 2700.0 11.5610609652
8847.84979784 5676.11862114 5162.00006235 175.00678767 2700.0 2700.0 11.5736273358
8851.51704573 5676.11351654 5162.02559866 175.123511745 2700.0 2700.0 11.5861937064
8855.18445251 5676.10841476 5162.05108521 175.24013607 2700.0 2700.0 11.5987600771
8858.85201791 5676.10331581 5162.07652211 175.356660768 2700.0 2700.0 11.6113264477
8862.51974166 5676.09821967 5162.10190953 175.473085961 2700.0 2700.0 11.6238928183
8866.18762347 5676.09312636 5162.1272476 175.589411774 2700.0 2700.0 11.6364591889
8869.85566307 5676.08803586 5162.15253646 175.705638328 2700.0 2700.0 11.6490255595
8873.52386019 5676.08294817 5162.17777625 175.821765748 2700.0 2700.0 11.6615919301
8877.19221456 5676.07786329 5162.20296712 175.937794154 2700.0 2700.0 11.6741583007
8880.86072589 5676.07278121 5162.22810921 176.05372367 2700.0 2700.0 11.6867246714
8884.52939392 5676.06770195 5162.25320265 176.169554418 2700.0 2700.0 11.699291042
8888.19821838 5676.06262548 5162.27824759 176.285286519 2700.0 2700.0 11.7118574126
8891.867199 5676.05755182 5162.30324416 176.400920096 2700.0 2700.0 11.7244237832
8895.5363355 5676.05248096 5162.3281925 176.516455269 2700.0 2700.0 11.7369901538
8899.20562761 5676.04741289 5162.35309276 176.631892161 2700.0 2700.0 11.7495565244
8902.87507508 5676.04234762 5162.37794505 176.747230892 2700.0 2700.0 11.762122895
8906.54467762 5676.03728513 5162.40274954 176.862471584 2700.0 2700.0 11.7746892657
8910.21443497 5676.03222544 5162.42750634 176.977614356 2700.0 2700.0 11.7872556363
8913.88434687 5676.02716854 5162.4522156 177.09265933 2700.0 2700.0 11.7998220069
8917.55441305 5676.02211441 5162.47687744 177.207606626 2700.0 2700.0 11.8123883775
8921.22463325 5676.01706308 5162.50149202 177.322456365 2700.0 2700.0 11.8249547481
8924.8950072 5676.01201452 5162.52605945 177.437208665 2700.0 2700.0 11.8375211187
8928.56553463 5676.00696874 5162.55057987 177.551863648 2700.0 2700.0 11.8500874893
8932.23621529 5676.00192573 5162.57505342 177.666421432 2700.0 2700.0 11.86265386
8935.9070489 5675.9968855 5162.59948023 177.780882138 2700.0 2700.0 11.8752202306
8939.57803522 5675.99184804 5162.62386043 177.895245884 2700.0 2700.0 11.8877866012
8384.9105333 5724.30376851 5168.23299095 168.07477952 2800.0 2800.0 9.8897336735
8388.539216 5724.29755543 5168.27141987 168.214477673 2800.0 2800.0 9.90230004412
8392.16812055 5724.29134591 5168.30976409 168.354050529 2800.0 2800.0 9.91486641473
8395.79724651 5724.28513995 5168.34802387 168.493498248 2800.0 2800.0 9.92743278534
8399.42659341 5724.27893755 5168.38619949 168.632820993 2800.0 2800.0 9.93999915596
8403.05616082 5724.2727387 5168.42429122 168.772018924 2800.0 2800.0 9.95256552657
8406.68594828 5724.26654339 5168.46229934 168.911092203 2800.0 2800.0 9.96513189719
8410.31595536 5724.26035164 5168.50022411 169.050040989 2800.0 2800.0 9.9776982678
8413.9461816 5724.25416342 5168.53806581 169.188865444 2800.0 2800.0 9.99026463842
8417.57662657 5724.24797875 5168.5758247 169.327565726 2800.0 2800.0 10.002831009
8421.20728983 5724.24179761 5168.61350105 169.466141997 2800.0 2800.0 10.0153973796
8424.83817093 5724.23562001 5168.65109512 169.604594415 2800.0 2800.0 10.0279637503
8428.46926943 5724.22944594 5168.68860719 169.74292314 2800.0 2800.0 10.0405301209
8432.10058491 5724.22327539 5168.72603751 169.88112833 2800.0 2800.0 10.0530964915
8435.73211693 5724.21710837 5168.76338635 170.019210145 2800.0 2800.0 10.0656628621
8439.36386505 5724.21094488 5168.80065397 170.157168742 2800.0 2800.0 10.0782292327
8442.99582883 5724.2047849 5168.83784063 170.295004281 2800.0 2800.0 10.0907956033
8446.62800786 5724.19862844 5168.87494659 170.432716918 2800.0 2800.0 10.1033619739
8450.26040169 5724.19247549 5168.9119721 170.570306813 2800.0 2800.0 10.1159283446
8453.89300991 5724.18632605 5168.94891743 170.707774121 2800.0 2800.0 10.1284947152
8457.52583208 5724.18018012 5168.98578283 170.845119 2800.0 2800.0 10.1410610858
8461.15886778 5724.17403769 5169.02256856 170.982341608 2800.0 2800.0 10.1536274564
8464.79211658 5724.16789876 5169.05927487 171.1194421 2800.0 2800.0 10.166193827
8468.42557807 5724.16176334 5169.09590201 171.256420633 2800.0 2800.0 10.1787601976
8472.05925181 5724.1556314 5169.13245024 171.393277364 2800.0 2800.0 10.1913265682
8475.69313739 5724.14950296 5169.1689198 171.530012448 2800.0 2800.0 10.2038929389
8479.3272344 5724.14337801 5169.20531094 171.666626041 2800.0 2800.0 10.2164593095
8482.96154241 5724.13725654 5169.24162392 171.803118298 2800.0 2800.0 10.2290256801
8486.596061 5724.13113856 5169.27785899 171.939489374 2800.0 2800.0 10.2415920507
8490.23078977 5724.12502406 5169.31401638 172.075739425 2800.0 2800.0 10.2541584213
8493.8657283 5724.11891303 5169.35009634 172.211868604 2800.0 2800.0 10.2667247919
8497.50087617 5724.11280548 5169.38609913 172.347877067 2800.0 2800.0 10.2792911625
8501.13623298 5724.1067014 5169.42202497 172.483764967 2800.0 2800.0 10.2918575332
8504.77179831 5724.10060079 5169.45787413 172.619532458 2800.0 2800.0 10.3044239038
8508.40757176 5724.09450364 5169.49364682 172.755179694 2800.0 2800.0 10.3169902744
8512.04355292 5724.08840995 5169.52934331 172.890706828 2800.0 2800.0 10.329556645
8515.67974138 5724.08231973 5169.56496382 173.026114013 2800.0 2800.0 10.3421230156
8519.31613675 5724.07623296 5169.6005086 173.161401402 2800.0 2800.0 10.3546893862
8522.9527386 5724.07014965 5169.63597788 173.296569149 2800.0 2800.0 10.3672557568
8526.58954656 5724.06406978 5169.67137189 173.431617404 2800.0 2800.0 10.3798221275
8530.2265602 5724.05799337 5169.70669089 173.566546321 2800.0 2800.0 10.3923884981
8533.86377914 5724.0519204 5169.74193509 173.70135605 2800.0 2800.0 10.4049548687
8537.50120297 5724.04585087 5169.77710474 173.836046745 2800.0 2800.0 10.4175212393
8541.1388313 5724.03978478 5169.81220006 173.970618555 2800.0 2800.0 10.4300876099
8544.77666374 5724.03372212 5169.84722129 174.105071633 2800.0 2800.0 10.4426539805
8548.41469987 5724.0276629 5169.88216866 174.239406129 2800.0 2800.0 10.4552203511
8552.05293932 5724.02160711 5169.9170424 174.373622194 2800.0 2800.0 10.4677867218
8555.6913817 5724.01555474 5169.95184274 174.507719979 2800.0 2800.0 10.4803530924
8559.3300266 5724.00950581 5169.9865699 174.641699632 2800.0 2800.0 10.492919463
8562.96887364 5724.00346029 5170.02122412 174.775561305 2800.0 2800.0 10.5054858336
8566.60792243 5723.99741819 5170.05580561 174.909305147 2800.0 2800.0 10.5180522042
8570.24717259 5723.9913795 5170.09031461 175.042931307 2800.0 2800.0 10.5306185748
8573.88662372 5723.98534423 5170.12475133 175.176439935 2800.0 2800.0 10.5431849454
8577.52627544 5723.97931237 5170.15911601 175.309831179 2800.0 2800.0 10.5557513161
8581.16612737 5723.97328392 5170.19340886 175.443105188 2800.0 2800.0 10.5683176867
8584.80617913 5723.96725887 5170.22763011 175.576262112 2800.0 2800.0 10.5808840573
8588.44643033 5723.96123722 5170.26177998 175.709302097 2800.0 2800.0 10.5934504279
8592.08688059 5723.95521897 5170.29585868 175.842225292 2800.0 2800.0 10.6060167985
8595.72752953 5723.94920412 5170.32986644 175.975031845 2800.0 2800.0 10.6185831691
8599.36837678 5723.94319266 5170.36380346 176.107721903 2800.0 2800.0 10.6311495397
8603.00942196 5723.93718459 5170.39766999 176.240295613 2800.0 2800.0 10.6437159104
8606.65066468 5723.9311799 5170.43146621 176.372753123 2800.0 2800.0 10.656282281
8610.29210459 5723.9251786 5170.46519236 176.505094579 2800.0 2800.0 10.6688486516
8613.93374129 5723.91918068 5170.49884865 176.637320129 2800.0 2800.0 10.6814150222
8617.57557443 5723.91318614 5170.53243528 176.769429917 2800.0 2800.0 10.6939813928
8621.21760363 5723.90719498 5170.56595248 176.90142409 2800.0 2800.0 10.7065477634
8624.85982851 5723.90120718 5170.59940045 177.033302795 2800.0 2800.0 10.719114134
8628.50224871 5723.89522276 5170.63277941 177.165066176 2800.0 2800.0 10.7316805047
8632.14486387 5723.88924171 5170.66608957 177.29671438 2800.0 2800.0 10.7442468753
8635.7876736 5723.88326402 5170.69933113 177.42824755 2800.0 2800.0 10.7568132459
8639.43067756 5723.87728969 5170.7325043 177.559665833 2800.0 2800.0 10.7693796165
8643.07387537 5723.87131871 5170.7656093 177.690969373 2800.0 2800.0 10.7819459871
8646.71726666 5723.8653511 5170.79864633 177.822158314 2800.0 2800.0 10.7945123577
8650.36085109 5723.85938684 5170.83161559 177.9532328 2800.0 2800.0 10.8070787283
8182.10067486 5773.50972383 5175.55273422 168.053584049 2900.0 2900.0 9.08548595418
8185.69792096 5773.50248833 5175.60297361 168.210647146 2900.0 2900.0 9.0980523248
8189.2954419 5773.49525705 5175.6530958 168.3675664 2900.0 2900.0 9.11061869541
8192.89323707 5773.48802998 5175.70310119 168.524341999 2900.0 2900.0 9.12318506602
8196.49130586 5773.48080712 5175.75299019 168.680974132 2900.0 2900.0 9.13575143664
8200.08964768 5773.47358846 5175.80276317 168.837462987 2900.0 2900.0 9.14831780725
8203.68826192 5773.466374 5175.85242056 168.99380875 2900.0 2900.0 9.16088417787
8207.28714799 5773.45916374 5175.90196273 169.150011609 2900.0 2900.0 9.17345054848
8210.88630529 5773.45195767 5175.95139008 169.306071751 2900.0 2900.0 9.1860169191
8214.48573322 5773.44475579 5176.000703 169.461989362 2900.0 2900.0 9.19858328971
8218.0854312 5773.4375581 5176.04990189 169.617764629 2900.0 2900.0 9.21114966033
8221.68539863 5773.43036459 5176.09898713 169.773397737 2900.0 2900.0 9.22371603094
8225.28563493 5773.42317525 5176.1479591 169.928888872 2900.0 2900.0 9.23628240155
8228.88613951 5773.41599009 5176.19681819 170.084238219 2900.0 2900.0 9.24884877217
8232.48691178 5773.4088091 5176.24556478 170.239445963 2900.0 2900.0 9.26141514278
8236.08795117 5773.40163228 5176.29419925 170.394512289 2900.0 2900.0 9.2739815134
8239.6892571 5773.39445963 5176.34272199 170.549437382 2900.0 2900.0 9.28654788401
8243.29082898 5773.38729113 5176.39113336 170.704221424 2900.0 2900.0 9.29911425463
8246.89266624 5773.38012679 5176.43943375 170.858864601 2900.0 2900.0 9.31168062524
8250.49476832 5773.3729666 5176.48762353 171.013367095 2900.0 2900.0 9.32424699585
8254.09713463 5773.36581056 5176.53570307 171.16772909 2900.0 2900.0 9.33681336647
8257.6997646 5773.35865867 5176.58367274 171.321950768 2900.0 2900.0 9.34937973708
8261.30265768 5773.35151092 5176.63153291 171.476032312 2900.0 2900.0 9.3619461077
8264.90581329 5773.34436731 5176.67928395 171.629973905 2900.0 2900.0 9.37451247831
8268.50923087 5773.33722783 5176.72692622 171.783775727 2900.0 2900.0 9.38707884893
8272.11290986 5773.33009249 5176.77446009 171.937437962 2900.0 2900.0 9.39964521954
8275.71684969 5773.32296127 5176.82188592 172.09096079 2900.0 2900.0 9.41221159016
8279.32104982 5773.31583418 5176.86920408 172.244344391 2900.0 2900.0 9.42477796077
8282.92550967 5773.3087112 5176.91641492 172.397588948 2900.0 2900.0 9.43734433138
8286.53022871 5773.30159235 5176.96351879 172.550694641 2900.0 2900.0 9.449910702
8290.13520638 5773.29447761 5177.01051606 172.703661649 2900.0 2900.0 9.46247707261
8293.74044212 5773.28736697 5177.05740709 172.856490152 2900.0 2900.0 9.47504344323
8297.34593539 5773.28026045 5177.10419221 173.009180331 2900.0 2900.0 9.48760981384
8300.95168564 5773.27315803 5177.15087179 173.161732364 2900.0 2900.0 9.50017618446
8304.55769233 5773.2660597 5177.19744618 173.31414643 2900.0 2900.0 9.51274255507
8308.16395491 5773.25896548 5177.24391572 173.466422708 2900.0 2900.0 9.52530892568
8311.77047284 5773.25187534 5177.29028077 173.618561376 2900.0 2900.0 9.5378752963
8315.37724559 5773.24478929 5177.33654166 173.770562613 2900.0 2900.0 9.55044166691
8318.98427261 5773.23770733 5177.38269874 173.922426596 2900.0 2900.0 9.56300803753
8322.59155337 5773.23062945 5177.42875235 174.074153503 2900.0 2900.0 9.57557440814
8326.19908734 5773.22355565 5177.47470285 174.225743511 2900.0 2900.0 9.58814077876
8329.80687398 5773.21648592 5177.52055055 174.377196796 2900.0 2900.0 9.60070714937
8333.41491276 5773.20942027 5177.56629581 174.528513536 2900.0 2900.0 9.61327351998
8337.02320315 5773.20235868 5177.61193896 174.679693908 2900.0 2900.0 9.6258398906
8340.63174463 5773.19530116 5177.65748033 174.830738086 2900.0 2900.0 9.63840626121
8344.24053668 5773.18824769 5177.70292026 174.981646246 2900.0 2900.0 9.65097263183
8347.84957876 5773.18119829 5177.74825909 175.132418566 2900.0 2900.0 9.66353900244
8351.45887036 5773.17415294 5177.79349713 175.283055218 2900.0 2900.0 9.67610537306
8355.06841096 5773.16711163 5177.83863473 175.433556379 2900.0 2900.0 9.68867174367
8358.67820004 5773.16007438 5177.88367221 175.583922222 2900.0 2900.0 9.70123811429
8362.28823708 5773.15304117 5177.92860989 175.734152924 2900.0 2900.0 9.7138044849
8365.89852157 5773.14601199 5177.97344811 175.884248656 2900.0 2900.0 9.72637085551
8369.50905299 5773.13898686 5178.01818718 176.034209593 2900.0 2900.0 9.73893722613
8373.11983083 5773.13196575 5178.06282743 176.18403591 2900.0 2900.0 9.75150359674
8376.73085459 5773.12494868 5178.10736918 176.333727778 2900.0 2900.0 9.76406996736
8380.34212376 5773.11793563 5178.15181275 176.48328537 2900.0 2900.0 9.77663633797
8383.95363782 5773.1109266 5178.19615846 176.63270886 2900.0 2900.0 9.78920270859
8387.56539628 5773.1039216 5178.24040662 176.78199842 2900.0 2900.0 9.8017690792
8391.17739864 5773.0969206 5178.28455756 176.931154222 2900.0 2900.0 9.81433544981
8394.78964438 5773.08992362 5178.32861158 177.080176437 2900.0 2900.0 9.82690182043
8398.40213301 5773.08293065 5178.372569 177.229065238 2900.0 2900.0 9.83946819104
8402.01486404 5773.07594169 5178.41643012 177.377820795 2900.0 2900.0 9.85203456166
8405.62783696 5773.06895672 5178.46019527 177.526443279 2900.0 2900.0 9.86460093227
8409.24105129 5773.06197576 5178.50386475 177.674932861 2900.0 2900.0 9.87716730289
8412.85450652 5773.05499879 5178.54743887 177.823289712 2900.0 2900.0 9.8897336735
8416.46820217 5773.04802581 5178.59091793 177.971514001 2900.0 2900.0 9.90230004412
8019.23600225 5823.99980153 5182.36489897 168.09749293 3000.0 3000.0 8.40690194101
8022.79936499 5823.99146411 5182.42906011 168.272144443 3000.0 3000.0 8.41946831162
8026.36306297 5823.98313161 5182.49306446 168.446633348 3000.0 3000.0 8.43203468224
8029.92709539 5823.97480402 5182.55691257 168.620959861 3000.0 3000.0 8.44460105285
8033.49146147 5823.96648136 5182.620605 168.795124195 3000.0 3000.0 8.45716742346
8037.05616042 5823.9581636 5182.68414229 168.969126566 3000.0 3000.0 8.46973379408
8040.62119144 5823.94985074 5182.74752502 169.142967188 3000.0 3000.0 8.48230016469
8044.18655376 5823.94154278 5182.81075372 169.316646274 3000.0 3000.0 8.49486653531
8047.75224659 5823.93323972 5182.87382895 169.490164038 3000.0 3000.0 8.50743290592
8051.31826917 5823.92494155 5182.93675124 169.663520693 3000.0 3000.0 8.51999927654
8054.8846207 5823.91664827 5182.99952115 169.836716451 3000.0 3000.0 8.53256564715
8058.45130043 5823.90835987 5183.06213921 170.009751526 3000.0 3000.0 8.54513201776
8062.01830759 5823.90007635 5183.12460596 170.182626128 3000.0 3000.0 8.55769838838
8065.5856414 5823.8917977 5183.18692193 170.355340471 3000.0 3000.0 8.57026475899
8069.1533011 5823.88352393 5183.24908766 170.527894764 3000.0 3000.0 8.58283112961
8072.72128594 5823.87525501 5183.31110368 170.70028922 3000.0 3000.0 8.59539750022
8076.28959516 5823.86699096 5183.37297052 170.872524048 3000.0 3000.0 8.60796387084
8079.858228 5823.85873177 5183.43468869 171.044599459 3000.0 3000.0 8.62053024145
8083.42718371 5823.85047743 5183.49625873 171.216515664 3000.0 3000.0 8.63309661206
8086.99646154 5823.84222794 5183.55768115 171.38827287 3000.0 3000.0 8.64566298268
8090.56606075 5823.83398329 5183.61895648 171.559871289 3000.0 3000.0 8.65822935329
8094.13598059 5823.82574348 5183.68008522 171.731311127 3000.0 3000.0 8.67079572391
8097.70622032 5823.81750851 5183.74106789 171.902592595 3000.0 3000.0 8.68336209452
8101.27677921 5823.80927836 5183.80190501 172.073715901 3000.0 3000.0 8.69592846514
8104.84765651 5823.80105305 5183.86259708 172.244681251 3000.0 3000.0 8.70849483575
8108.41885151 5823.79283256 5183.92314461 172.415488854 3000.0 3000.0 8.72106120637
8111.99036345 5823.78461689 5183.98354809 172.586138917 3000.0 3000.0 8.73362757698
8115.56219163 5823.77640603 5184.04380804 172.756631647 3000.0 3000.0 8.74619394759
8119.13433531 5823.76819998 5184.10392496 172.92696725 3000.0 3000.0 8.75876031821
8122.70679378 5823.75999874 5184.16389933 173.097145932 3000.0 3000.0 8.77132668882
8126.2795663 5823.7518023 5184.22373166 173.267167899 3000.0 3000.0 8.78389305944
8129.85265218 5823.74361066 5184.28342244 173.437033357 3000.0 3000.0 8.79645943005
8133.42605068 5823.73542381 5184.34297216 173.60674251 3000.0 3000.0 8.80902580067
8136.99976111 5823.72724175 5184.4023813 173.776295564 3000.0 3000.0 8.82159217128
8140.57378275 5823.71906447 5184.46165036 173.945692723 3000.0 3000.0 8.83415854189
8144.1481149 5823.71089198 5184.52077981 174.114934191 3000.0 3000.0 8.84672491251
8147.72275685 5823.70272426 5184.57977014 174.284020171 3000.0 3000.0 8.85929128312
8151.29770789 5823.69456132 5184.63862183 174.452950868 3000.0 3000.0 8.87185765374
8154.87296734 5823.68640314 5184.69733536 174.621726484 3000.0 3000.0 8.88442402435
8158.4485345 5823.67824973 5184.7559112 174.790347222 3000.0 3000.0 8.89699039497
8162.02440867 5823.67010108 5184.81434982 174.958813285 3000.0 3000.0 8.90955676558
8165.60058916 5823.66195718 5184.87265169 175.127124874 3000.0 3000.0 8.9221231362
8169.17707528 5823.65381804 5184.93081729 175.295282192 3000.0 3000.0 8.93468950681
8172.75386635 5823.64568364 5184.98884708 175.46328544 3000.0 3000.0 8.94725587742
8176.33096168 5823.63755399 5185.04674153 175.631134818 3000.0 3000.0 8.95982224804
8179.90836059 5823.62942907 5185.10450109 175.798830528 3000.0 3000.0 8.97238861865
8183.4860624 5823.62130889 5185.16212623 175.966372771 3000.0 3000.0 8.98495498927
8187.06406643 5823.61319344 5185.21961741 176.133761745 3000.0 3000.0 8.99752135988
8190.64237202 5823.60508272 5185.27697509 176.300997652 3000.0 3000.0 9.0100877305
8194.22097849 5823.59697672 5185.33419971 176.46808069 3000.0 3000.0 9.02265410111
8197.79988516 5823.58887544 5185.39129173 176.635011059 3000.0 3000.0 9.03522047172
8201.37909138 5823.58077888 5185.4482516 176.801788958 3000.0 3000.0 9.04778684234
8204.95859648 5823.57268702 5185.50507977 176.968414584 3000.0 3000.0 9.06035321295
8208.53839979 5823.56459987 5185.56177668 177.134888136 3000.0 3000.0 9.07291958357
8212.11850066 5823.55651743 5185.61834279 177.301209813 3000.0 3000.0 9.08548595418
8215.69889842 5823.54843968 5185.67477852 177.46737981 3000.0 3000.0 9.0980523248
8219.27959243 5823.54036663 5185.73108433 177.633398327 3000.0 3000.0 9.11061869541
8222.86058203 5823.53229826 5185.78726065 177.799265558 3000.0 3000.0 9.12318506602
8226.44186656 5823.52423458 5185.84330792 177.964981702 3000.0 3000.0 9.13575143664
7885.13084492 5875.74984927 5188.55938146 168.023382325 3100.0 3100.0 7.81628252213
7888.65754789 5875.74032525 5188.63979355 168.215944748 3100.0 3100.0 7.82884889275
7892.18465468 5875.73080692 5188.72000147 168.408325504 3100.0 3100.0 7.84141526336
7895.71216426 5875.72129427 5188.80000598 168.600524835 3100.0 3100.0 7.85398163397
7899.24007562 5875.71178729 5188.87980782 168.792542982 3100.0 3100.0 7.86654800459
7902.76838775 5875.70228598 5188.95940774 168.984380188 3100.0 3100.0 7.8791143752
7906.29709964 5875.69279034 5189.03880649 169.176036693 3100.0 3100.0 7.89168074582
7909.82621029 5875.68330036 5189.11800481 169.367512737 3100.0 3100.0 7.90424711643
7913.3557187 5875.67381603 5189.19700343 169.55880856 3100.0 3100.0 7.91681348705
7916.88562388 5875.66433735 5189.27580309 169.749924404 3100.0 3100.0 7.92937985766
7920.41592483 5875.65486432 5189.35440451 169.940860506 3100.0 3100.0 7.94194622828
7923.94662057 5875.64539693 5189.43280843 170.131617105 3100.0 3100.0 7.95451259889
7927.47771011 5875.63593517 5189.51101555 170.322194442 3100.0 3100.0 7.9670789695
7931.00919248 5875.62647905 5189.58902662 170.512592752 3100.0 3100.0 7.97964534012
7934.5410667 5875.61702855 5189.66684233 170.702812275 3100.0 3100.0 7.99221171073
7938.0733318 5875.60758366 5189.7444634 170.892853248 3100.0 3100.0 8.00477808135
7941.60598681 5875.5981444 5189.82189054 171.082715907 3100.0 3100.0 8.01734445196
7945.13903076 5875.58871074 5189.89912447 171.27240049 3100.0 3100.0 8.02991082258
7948.6724627 5875.57928269 5189.97616587 171.461907232 3100.0 3100.0 8.04247719319
7952.20628167 5875.56986024 5190.05301544 171.651236369 3100.0 3100.0 8.0550435638
7955.74048672 5875.56044338 5190.12967389 171.840388138 3100.0 3100.0 8.06760993442
7959.2750769 5875.55103212 5190.20614191 172.029362772 3100.0 3100.0 8.08017630503
7962.81005125 5875.54162643 5190.28242018 172.218160506 3100.0 3100.0 8.09274267565
7966.34540885 5875.53222633 5190.3585094 172.406781575 3100.0 3100.0 8.10530904626
7969.88114876 5875.52283181 5190.43441024 172.595226213 3100.0 3100.0 8.11787541688
7973.41727003 5875.51344285 5190.51012338 172.783494652 3100.0 3100.0 8.13044178749
7976.95377173 5875.50405946 5190.5856495 172.971587127 3100.0 3100.0 8.1430081581
7980.49065295 5875.49468163 5190.66098928 173.15950387 3100.0 3100.0 8.15557452872
7984.02791276 5875.48530936 5190.73614337 173.347245113 3100.0 3100.0 8.16814089933
7987.56555023 5875.47594263 5190.81111246 173.534811088 3100.0 3100.0 8.18070726995
7991.10356445 5875.46658146 5190.88589721 173.722202027 3100.0 3100.0 8.19327364056
7994.64195451 5875.45722582 5190.96049826 173.909418161 3100.0 3100.0 8.20584001118
7998.18071949 5875.44787572 5191.0349163 174.09645972 3100.0 3100.0 8.21840638179
8001.71985849 5875.43853115 5191.10915195 174.283326936 3100.0 3100.0 8.23097275241
8005.25937062 5875.4291921 5191.18320589 174.470020038 3100.0 3100.0 8.24353912302
8008.79925496 5875.41985858 5191.25707875 174.656539255 3100.0 3100.0 8.25610549363
8012.33951062 5875.41053057 5191.33077119 174.842884818 3100.0 3100.0 8.26867186425
8015.88013671 5875.40120808 5191.40428384 175.029056955 3100.0 3100.0 8.28123823486
8019.42113235 5875.39189109 5191.47761735 175.215055894 3100.0 3100.0 8.29380460548
8022.96249664 5875.3825796 5191.55077235 175.400881864 3100.0 3100.0 8.30637097609
8026.5042287 5875.37327361 5191.62374947 175.586535093 3100.0 3100.0 8.31893734671
8030.04632766 5875.36397311 5191.69654936 175.772015807 3100.0 3100.0 8.33150371732
8033.58879264 5875.3546781 5191.76917262 175.957324235 3100.0 3100.0 8.34407008793
8037.13162276 5875.34538857 5191.84161989 176.142460602 3100.0 3100.0 8.35663645855
8040.67481716 5875.33610452 5191.9138918 176.327425135 3100.0 3100.0 8.36920282916
8044.21837497 5875.32682594 5191.98598895 176.51221806 3100.0 3100.0 8.38176919978
8047.76229533 5875.31755283 5192.05791198 176.696839602 3100.0 3100.0 8.39433557039
8051.30657738 5875.30828518 5192.12966148 176.881289986 3100.0 3100.0 8.40690194101
8054.85122026 5875.29902299 5192.20123807 177.065569438 3100.0 3100.0 8.41946831162
8058.39622312 5875.28976625 5192.27264236 177.249678182 3100.0 3100.0 8.43203468224
8061.94158512 5875.28051496 5192.34387496 177.433616441 3100.0 3100.0 8.44460105285
8065.48730539 5875.27126912 5192.41493646 177.61738444 3100.0 3100.0 8.45716742346
8069.03338311 5875.26202871 5192.48582747 177.800982401 3100.0 3100.0 8.46973379408
8072.57981742 5875.25279374 5192.55654858 177.984410549 3100.0 3100.0 8.48230016469
7779.37185438 5928.71403705 5194.21442884 168.102037283 3200.0 3200.0 7.31362769756
7782.85975409 5928.70324993 5194.31313455 168.312515589 3200.0 3200.0 7.32619406817
7786.34813251 5928.69246931 5194.41158228 168.522793346 3200.0 3200.0 7.33876043879
7789.83698836 5928.68169518 5194.50977302 168.732870821 3200.0 3200.0 7.3513268094
7793.32632038 5928.67092755 5194.60770774 168.942748282 3200.0 3200.0 7.36389318001
7796.81612731 5928.66016639 5194.70538739 169.152425997 3200.0 3200.0 7.37645955063
7800.30640789 5928.6494117 5194.80281295 169.361904232 3200.0 3200.0 7.38902592124
7803.79716089 5928.63866349 5194.89998537 169.571183254 3200.0 3200.0 7.40159229186
7807.28838506 5928.62792174 5194.9969056 169.78026333 3200.0 3200.0 7.41415866247
7810.78007916 5928.61718645 5195.09357458 169.989144725 3200.0 3200.0 7.42672503309
7814.27224195 5928.60645761 5195.18999327 170.197827703 3200.0 3200.0 7.4392914037
7817.76487221 5928.59573521 5195.28616259 170.406312531 3200.0 3200.0 7.45185777431
7821.25796873 5928.58501925 5195.38208348 170.614599472 3200.0 3200.0 7.46442414493
7824.75153027 5928.57430973 5195.47775687 170.82268879 3200.0 3200.0 7.47699051554
7828.24555562 5928.56360664 5195.57318369 171.030580749 3200.0 3200.0 7.48955688616
7831.74004359 5928.55290997 5195.66836485 171.238275612 3200.0 3200.0 7.50212325677
7835.23499296 5928.54221972 5195.76330128 171.445773641 3200.0 3200.0 7.51468962739
7838.73040254 5928.53153588 5195.85799387 171.653075098 3200.0 3200.0 7.527255998
7842.22627114 5928.52085845 5195.95244354 171.860180246 3200.0 3200.0 7.53982236862
7845.72259756 5928.51018741 5196.0466512 172.067089346 3200.0 3200.0 7.55238873923
7849.21938062 5928.49952277 5196.14061773 172.273802658 3200.0 3200.0 7.56495510984
7852.71661915 5928.48886452 5196.23434403 172.480320443 3200.0 3200.0 7.57752148046
7856.21431197 5928.47821265 5196.327831 172.686642961 3200.0 3200.0 7.59008785107
7859.71245792 5928.46756715 5196.42107951 172.892770472 3200.0 3200.0 7.60265422169
7863.21105581 5928.45692803 5196.51409045 173.098703234 3200.0 3200.0 7.6152205923
7866.71010451 5928.44629528 5196.6068647 173.304441508 3200.0 3200.0 7.62778696292
7870.20960284 5928.43566888 5196.69940313 173.50998555 3200.0 3200.0 7.64035333353
7873.70954967 5928.42504884 5196.7917066 173.715335618 3200.0 3200.0 7.65291970414
7877.20994384 5928.41443515 5196.88377598 173.920491971 3200.0 3200.0 7.66548607476
7880.71078422 5928.4038278 5196.97561214 174.125454866 3200.0 3200.0 7.67805244537
7884.21206966 5928.39322678 5197.06721593 174.330224558 3200.0 3200.0 7.69061881599
7887.71379903 5928.3826321 5197.15858819 174.534801305 3200.0 3200.0 7.7031851866
7891.21597121 5928.37204374 5197.24972978 174.739185361 3200.0 3200.0 7.71575155722
7894.71858507 5928.36146171 5197.34064155 174.943376983 3200.0 3200.0 7.72831792783
7898.2216395 5928.35088599 5197.43132433 175.147376425 3200.0 3200.0 7.74088429845
7901.72513337 5928.34031657 5197.52177895 175.351183941 3200.0 3200.0 7.75345066906
7905.22906559 5928.32975347 5197.61200626 175.554799787 3200.0 3200.0 7.76601703967
7908.73343503 5928.31919665 5197.70200708 175.758224215 3200.0 3200.0 7.77858341029
7912.23824061 5928.30864614 5197.79178223 175.961457479 3200.0 3200.0 7.7911497809
7915.74348122 5928.2981019 5197.88133254 176.164499832 3200.0 3200.0 7.80371615152
7919.24915577 5928.28756395 5197.97065882 176.367351526 3200.0 3200.0 7.81628252213
7922.75526317 5928.27703227 5198.05976188 176.570012813 3200.0 3200.0 7.82884889275
7926.26180234 5928.26650687 5198.14864254 176.772483945 3200.0 3200.0 7.84141526336
7929.7687722 5928.25598773 5198.2373016 176.974765173 3200.0 3200.0 7.85398163397
7933.27617167 5928.24547484 5198.32573985 177.176856747 3200.0 3200.0 7.86654800459
7936.78399968 5928.23496821 5198.41395811 177.378758919 3200.0 3200.0 7.8791143752
7940.29225516 5928.22446783 5198.50195716 177.580471939 3200.0 3200.0 7.89168074582
7943.80093706 5928.21397369 5198.58973779 177.781996054 3200.0 3200.0 7.90424711643
7947.3100443 5928.20348578 5198.67730079 177.983331516 3200.0 3200.0 7.91681348705
7694.53840359 5982.86781155 5199.25234578 168.173388607 3300.0 3300.0 6.87380472605
7697.98518633 5982.85568088 5199.37145351 168.401881476 3300.0 3300.0 6.88637109667
7701.43252883 5982.84355758 5199.49024326 168.630155003 3300.0 3300.0 6.89893746728
7704.88042957 5982.83144163 5199.60871626 168.858209482 3300.0 3300.0 6.9115038379
7708.32888699 5982.81933303 5199.72687373 169.086045207 3300.0 3300.0 6.92407020851
7711.77789959 5982.80723178 5199.84471686 169.313662471 3300.0 3300.0 6.93663657913
7715.22746583 5982.79513786 5199.96224687 169.541061565 3300.0 3300.0 6.94920294974
7718.6775842 5982.78305127 5200.07946494 169.768242782 3300.0 3300.0 6.96176932035
7722.12825319 5982.770972 5200.19637227 169.995206414 3300.0 3300.0 6.97433569097
7725.5794713 5982.75890005 5200.31297004 170.22195275 3300.0 3300.0 6.98690206158
7729.03123702 5982.74683542 5200.42925943 170.448482081 3300.0 3300.0 6.9994684322
7732.48354889 5982.73477808 5200.5452416 170.674794698 3300.0 3300.0 7.01203480281
7735.9364054 5982.72272804 5200.66091774 170.90089089 3300.0 3300.0 7.02460117343
7739.38980507 5982.71068529 5200.77628899 171.126770945 3300.0 3300.0 7.03716754404
7742.84374645 5982.69864982 5200.89135651 171.352435152 3300.0 3300.0 7.04973391466
7746.29822806 5982.68662164 5201.00612145 171.5778838 3300.0 3300.0 7.06230028527
7749.75324845 5982.67460072 5201.12058497 171.803117176 3300.0 3300.0 7.07486665588
7753.20880616 5982.66258706 5201.23474818 172.028135566 3300.0 3300.0 7.0874330265
7756.66489974 5982.65058066 5201.34861223 172.252939258 3300.0 3300.0 7.09999939711
7760.12152775 5982.63858152 5201.46217825 172.477528538 3300.0 3300.0 7.11256576773
7763.57868876 5982.62658961 5201.57544736 172.701903691 3300.0 3300.0 7.12513213834
7767.03638134 5982.61460495 5201.68842067 172.926065003 3300.0 3300.0 7.13769850896
7770.49460406 5982.60262751 5201.8010993 173.150012758 3300.0 3300.0 7.15026487957
7773.95335551 5982.5906573 5201.91348435 173.373747241 3300.0 3300.0 7.16283125018
7777.41263427 5982.57869431 5202.02557692 173.597268735 3300.0 3300.0 7.1753976208
7780.87243894 5982.56673853 5202.13737811 173.820577525 3300.0 3300.0 7.18796399141
7784.33276812 5982.55478995 5202.24888901 174.043673892 3300.0 3300.0 7.20053036203
7787.79362042 5982.54284857 5202.3601107 174.266558119 3300.0 3300.0 7.21309673264
7791.25499444 5982.53091439 5202.47104426 174.489230488 3300.0 3300.0 7.22566310326
7794.7168888 5982.51898739 5202.58169077 174.711691281 3300.0 3300.0 7.23822947387
7798.17930213 5982.50706757 5202.6920513 174.933940779 3300.0 3300.0 7.25079584449
7801.64223305 5982.49515492 5202.80212691 175.155979262 3300.0 3300.0 7.2633622151
7805.10568019 5982.48324944 5202.91191866 175.37780701 3300.0 3300.0 7.27592858571
7808.56964221 5982.47135111 5203.02142761 175.599424304 3300.0 3300.0 7.28849495633
7812.03411773 5982.45945994 5203.1306548 175.820831422 3300.0 3300.0 7.30106132694
7815.49910541 5982.44757592 5203.23960128 176.042028643 3300.0 3300.0 7.31362769756
7818.96460391 5982.43569904 5203.34826809 176.263016246 3300.0 3300.0 7.32619406817
7822.43061188 5982.42382929 5203.45665626 176.483794508 3300.0 3300.0 7.33876043879
7825.897128 5982.41196667 5203.56476682 176.704363706 3300.0 3300.0 7.3513268094
7626.84805778 6038.18150996 5203.64463975 168.199070352 3400.0 3400.0 6.48424723701
7829.36415094 5982.40011117 5203.6726008 176.924724118 3300.0 3300.0 7.36389318001
7832.83167936 5982.38826279 5203.78015922 177.144876021 3300.0 3300.0 7.37645955063
7630.25150517 6038.16795483 5203.78617481 168.445664094 3400.0 3400.0 6.49681360762
7836.29971197 5982.37642151 5203.88744309 177.364819689 3300.0 3300.0 7.38902592124
7633.65559863 6038.15440799 5203.92732661 168.692019843 3400.0 3400.0 6.50937997824
7839.76824743 5982.36458734 5203.99445342 177.5845554 3300.0 3300.0 7.40159229186
7637.06033633 6038.14086942 5204.06809662 168.938137916 3400.0 3400.0 6.52194634885
7843.23728445 5982.35276026 5204.10119121 177.804083427 3300.0 3300.0 7.41415866247
7640.46571644 6038.12733912 5204.20848632 169.184018631 3400.0 3400.0 6.53451271947
7643.87173715 6038.11381707 5204.34849717 169.429662306 3400.0 3400.0 6.54707909008
7647.27839666 6038.10030327 5204.48813062 169.675069258 3400.0 3400.0 6.5596454607
7650.68569317 6038.08679771 5204.62738813 169.920239803 3400.0 3400.0 6.57221183131
7654.09362489 6038.07330038 5204.76627114 170.165174256 3400.0 3400.0 6.58477820192
7657.50219004 6038.05981128 5204.90478109 170.409872933 3400.0 3400.0 6.59734457254
7660.91138685 6038.0463304 5205.04291939 170.654336149 3400.0 3400.0 6.60991094315
7664.32121354 6038.03285773 5205.18068748 170.898564218 3400.0 3400.0 6.62247731377
7667.73166837 6038.01939327 5205.31808677 171.142557453 3400.0 3400.0 6.63504368438
7671.14274957 6038.005937 5205.45511867 171.386316168 3400.0 3400.0 6.647610055
7674.5544554 6037.99248892 5205.59178458 171.629840676 3400.0 3400.0 6.66017642561
7677.96678413 6037.97904902 5205.72808589 171.873131289 3400.0 3400.0 6.67274279622
7681.37973402 6037.96561729 5205.86402399 172.116188318 3400.0 3400.0 6.68530916684
7684.79330335 6037.95219374 5205.99960026 172.359012075 3400.0 3400.0 6.69787553745
7688.20749041 6037.93877834 5206.13481608 172.601602871 3400.0 3400.0 6.71044190807
7691.62229349 6037.92537109 5206.26967282 172.843961015 3400.0 3400.0 6.72300827868
7695.03771088 6037.91197199 5206.40417182 173.086086817 3400.0 3400.0 6.7355746493
7698.45374089 6037.89858103 5206.53831446 173.327980587 3400.0 3400.0 6.74814101991
7701.87038184 6037.88519819 5206.67210208 173.569642633 3400.0 3400.0 6.76070739053
7705.28763205 6037.87182348 5206.80553601 173.811073263 3400.0 3400.0 6.77327376114
7708.70548983 6037.85845688 5206.93861761 174.052272785 3400.0 3400.0 6.78584013175
7712.12395353 6037.84509839 5207.07134818 174.293241507 3400.0 3400.0 6.79840650237
7715.54302149 6037.831748 5207.20372906 174.533979735 3400.0 3400.0 6.81097287298
7572.61782982 6094.62954456 5207.32989352 168.082465924 3500.0 3500.0 6.13238885981
7718.96269205 6037.8184057 5207.33576156 174.774487774 3400.0 3400.0 6.8235392436
7722.38296357 6037.80507149 5207.467447 175.014765932 3400.0 3400.0 6.83610561421
7575.97568376 6094.61448165 5207.49586469 168.347296788 3500.0 3500.0 6.14495523042
7725.80383441 6037.79174536 5207.59878667 175.254814512 3400.0 3400.0 6.84867198483
7579.33427459 6094.59942799 5207.66138275 168.611871102 3500.0 3500.0 6.15752160104
7729.22530293 6037.7784273 5207.72978187 175.494633821 3400.0 3400.0 6.86123835544
7582.69360018 6094.58438356 5207.82644945 168.876189209 3500.0 3500.0 6.17008797165
7732.64736752 6037.7651173 5207.8604339 175.734224161 3400.0 3400.0 6.87380472605
7736.07002654 6037.75181536 5207.99074404 175.973585837 3400.0 3400.0 6.88637109667
7586.05365843 6094.56934837 5207.99106651 169.14025145 3500.0 3500.0 6.18265434226
7739.4932784 6037.73852146 5208.12071357 176.212719152 3400.0 3400.0 6.89893746728
7589.41444722 6094.5543224 5208.15523568 169.404058166 3500.0 3500.0 6.19522071288
7742.91712149 6037.72523561 5208.25034376 176.451624408 3400.0 3400.0 6.9115038379
7592.77596447 6094.53930564 5208.31895866 169.667609698 3500.0 3500.0 6.20778708349
7746.3415542 6037.7119578 5208.37963588 176.690301909 3400.0 3400.0 6.92407020851
7596.13820809 6094.52429809 5208.48223718 169.930906385 3500.0 3500.0 6.22035345411
7749.76657494 6037.69868801 5208.50859118 176.928751955 3400.0 3400.0 6.93663657913
7753.19218214 6037.68542624 5208.63721094 177.166974849 3400.0 3400.0 6.94920294974
7599.50117599 6094.50929973 5208.64507294 170.193948567 3500.0 3500.0 6.23291982472
7756.6183742 6037.67217248 5208.76549638 177.40497089 3400.0 3400.0 6.96176932035
7602.86486612 6094.49431057 5208.80746763 170.456736583 3500.0 3500.0 6.24548619534
7760.04514956 6037.65892673 5208.89344876 177.642740379 3400.0 3400.0 6.97433569097
7606.22927641 6094.47933058 5208.96942293 170.719270771 3500.0 3500.0 6.25805256595
7763.47250665 6037.64568898 5209.02106932 177.880283617 3400.0 3400.0 6.98690206158
7609.5944048 6094.46435977 5209.13094054 170.981551468 3500.0 3500.0 6.27061893657
7612.96024926 6094.44939812 5209.29202212 171.243579013 3500.0 3500.0 6.28318530718
7616.32680776 6094.43444563 5209.45266933 171.505353741 3500.0 3500.0 6.29575167779
7619.69407826 6094.41950228 5209.61288384 171.76687599 3500.0 3500.0 6.30831804841
7623.06205875 6094.40456807 5209.77266728 172.028146093 3500.0 3500.0 6.32088441902
7626.43074721 6094.38964299 5209.9320213 172.289164387 3500.0 3500.0 6.33345078964
7629.80014166 6094.37472703 5210.09094753 172.549931206 3500.0 3500.0 6.34601716025
7633.1702401 6094.35982019 5210.24944759 172.810446884 3500.0 3500.0 6.35858353087
7636.54104054 6094.34492245 5210.40752311 173.070711755 3500.0 3500.0 6.37114990148
7639.91254101 6094.33003381 5210.56517569 173.330726151 3500.0 3500.0 6.38371627209
7534.9084576 6152.15793992 5210.57955641 168.231159665 3600.0 3600.0 5.83079596506
7643.28473954 6094.31515426 5210.72240693 173.590490405 3500.0 3500.0 6.39628264271
7538.21988537 6152.14130144 5210.77102719 168.513929563 3600.0 3600.0 5.84336233568
7646.65763417 6094.30028379 5210.87921842 173.850004848 3500.0 3500.0 6.40884901332
7541.53214037 6152.12467322 5210.96197481 168.796425048 3600.0 3600.0 5.85592870629
7650.03122296 6094.28542239 5211.03561175 174.109269812 3500.0 3500.0 6.42141538394
7544.84522021 6152.10805525 5211.15240127 169.078646486 3600.0 3600.0 5.86849507691
7653.40550395 6094.27057005 5211.19158851 174.368285628 3500.0 3500.0 6.43398175455
7548.1591225 6152.09144752 5211.34230855 169.360594239 3600.0 3600.0 5.88106144752
7656.78047522 6094.25572677 5211.34715026 174.627052626 3500.0 3500.0 6.44654812517
7660.15613484 6094.24089254 5211.50229856 174.885571136 3500.0 3500.0 6.45911449578
7551.47384486 6152.07485001 5211.53169863 169.64226867 3600.0 3600.0 5.89362781813
7663.53248088 6094.22606734 5211.65703497 175.143841486 3500.0 3500.0 6.47168086639
7554.78938492 6152.05826271 5211.72057348 169.923670143 3600.0 3600.0 5.90619418875
7666.90951144 6094.21125118 5211.81136104 175.401864007 3500.0 3500.0 6.48424723701
7558.10574032 6152.04168563 5211.90893506 170.204799017 3600.0 3600.0 5.91876055936
7670.28722462 6094.19644404 5211.96527831 175.659639025 3500.0 3500.0 6.49681360762
7561.42290872 6152.02511874 5212.09678532 170.485655656 3600.0 3600.0 5.93132692998
7673.66561852 6094.18164591 5212.11878832 175.917166868 3500.0 3500.0 6.50937997824
7748.59268252 7056.84694181 5212.13628231 168.338712141 5000.0 5000.0 3.56884925448
7677.04469125 6094.16685679 5212.2718926 176.174447865 3500.0 3500.0 6.52194634885
7564.74088778 6152.00856204 5212.2841262 170.766240419 3600.0 3600.0 5.94389330059
7680.42444094 6094.15207667 5212.42459265 176.43148234 3500.0 3500.0 6.53451271947
7568.05967516 6151.99201553 5212.47095963 171.046553666 3600.0 3600.0 5.95645967121
7683.80486571 6094.13730554 5212.57689001 176.68827062 3500.0 3500.0 6.54707909008
7571.37926854 6151.97547918 5212.65728754 171.326595758 3600.0 3600.0 5.96902604182
7751.24489285 7056.80123066 5212.70233546 168.856407132 5000.0 5000.0 3.58141562509
7687.1859637 6094.12254339 5212.72878616 176.944813031 3500.0 3500.0 6.5596454607
7574.69966563 6151.95895299 5212.84311183 171.606367052 3600.0 3600.0 5.98159241243
7690.56773304 6094.10779021 5212.88028261 177.201109898 3500.0 3500.0 6.57221183131
7578.02086411 6151.94243696 5213.02843442 171.885867907 3600.0 3600.0 5.99415878305
7693.95017191 6094.093046 5213.03138086 177.457161546 3500.0 3500.0 6.58477820192
7506.74942177 6210.76009173 5213.15741061 168.229885916 3700.0 3700.0 5.55433581155
7697.33327844 6094.07831075 5213.18208238 177.712968297 3500.0 3500.0 6.59734457254
7581.3428617 6151.92593106 5213.21325719 172.165098682 3600.0 3600.0 6.00672515366
7753.8987025 7056.75554748 5213.26732759 169.373629632 5000.0 5000.0 3.59398199571
7700.71705081 6094.06358444 5213.33238866 177.968530476 3500.0 3500.0 6.60991094315
7510.01275175 6210.74179696 5213.37587739 168.530663978 3700.0 3700.0 5.56690218216
7584.66565611 6151.9094353 5213.39758204 172.444059732 3600.0 3600.0 6.01929152428
7704.31408778 6986.88042009 5213.40686411 168.236871598 4900.0 4900.0 3.65681384878
7587.98924508 6151.89294967 5213.58141085 172.722751416 3600.0 3600.0 6.03185789489
7513.27700035 6210.7235135 5213.59374977 168.831149981 3700.0 3700.0 5.57946855278
7591.31362633 6151.87647415 5213.76474548 173.001174089 3600.0 3600.0 6.04442426551
7516.54216492 6210.70524134 5213.81102998 169.13134431 3700.0 3700.0 5.59203492339
7756.55410872 7056.70989226 5213.83126083 169.89038017 5000.0 5000.0 3.60654836632
7594.63879763 6151.86000873 5213.94758779 173.279328106 3600.0 3600.0 6.05699063612
7707.00733798 6986.83713746 5213.95088846 168.739449263 4900.0 4900.0 3.66938021939
7519.80824279 6210.68698047 5214.02772024 169.431247348 3700.0 3700.0 5.604601294
7597.96475672 6151.84355341 5214.12993964 173.557213823 3600.0 3600.0 6.06955700674
7523.07523134 6210.66873088 5214.24382277 169.730859481 3700.0 3700.0 5.61716766462
7601.29150136 6151.82710818 5214.31180288 173.834831594 3600.0 3600.0 6.08212337735
7759.2111088 7056.66426496 5214.39413729 170.406659273 5000.0 5000.0 3.61911473694
7526.34312794 6210.65049256 5214.45933978 170.030181091 3700.0 3700.0 5.62973403523
7604.61902935 6151.81067302 5214.49317932 174.112181773 3600.0 3600.0 6.09468974796
7709.70217553 6986.7938814 5214.49385082 169.241564851 4900.0 4900.0 3.68194659001
7607.94733845 6151.79424794 5214.67407081 174.389264713 3600.0 3600.0 6.10725611858
7529.61192997 6210.6322655 5214.67427344 170.32921256 3700.0 3700.0 5.64230040585
7664.15827251 6917.62226965 5214.83158854 168.370891358 4800.0 4800.0 3.75734481369
7611.27642646 6151.77783291 5214.85447915 174.666080767 3600.0 3600.0 6.11982248919
7532.88163482 6210.61404968 5214.88862596 170.627954272 3700.0 3700.0 5.65486677646
7761.86970001 7056.61866556 5214.95595911 170.922467465 5000.0 5000.0 3.63168110755
7614.60629118 6151.76142793 5215.03440617 174.942630287 3600.0 3600.0 6.13238885981
7712.39859755 6986.75065189 5215.03575345 169.743218884 4900.0 4900.0 3.69451296062
7536.15223991 6210.59584511 5215.10239949 170.926406606 3700.0 3700.0 5.66743314708
7487.93976296 6270.40186525 5215.13998111 168.163176106 3800.0 3800.0 5.30300839926
7617.93693043 6151.745033 5215.21385365 175.218913625 3600.0 3600.0 6.14495523042
7539.42374265 6210.57765176 5215.3155962 171.224569944 3700.0 3700.0 5.67999951769
7666.89459304 6917.58138333 5215.35203786 168.857857849 4800.0 4800.0 3.76991118431
7491.15387003 6270.3818379 5215.38651911 168.481918458 3800.0 3800.0 5.31557476987
7621.26834202 6151.72864809 5215.3928234 175.494931132 3600.0 3600.0 6.15752160104
7764.52987963 7056.57309404 5215.51672839 171.437805274 5000.0 5000.0 3.64424747816
7542.69614046 6210.55946963 5215.52821825 171.522444666 3700.0 3700.0 5.6925658883
7624.60052378 6151.71227321 5215.57131719 175.770683159 3600.0 3600.0 6.17008797165
7715.09660116 6986.7074489 5215.57659864 170.244411887 4900.0 4900.0 3.70707933124
7494.36898574 6270.36182296 5215.63239248 168.800351478 3800.0 3800.0 5.32814114049
7545.96943079 6210.54129871 5215.74026778 171.820031152 3700.0 3700.0 5.70513225892
7627.93347356 6151.69590834 5215.74933681 176.046170054 3600.0 3600.0 6.18265434226
7625.51063623 6849.13849379 5215.82853272 168.221248082 4700.0 4700.0 3.85787577861
7669.63248201 6917.54052218 5215.87143031 169.344373461 4800.0 4800.0 3.78247755492
7497.58510722 6270.34182043 5215.87760368 169.11847557 3800.0 3800.0 5.3407075111
7631.26718919 6151.67955347 5215.92688402 176.321392169 3600.0 3600.0 6.19522071288
7549.24361107 6210.52313898 5215.95174692 172.117329781 3700.0 3700.0 5.71769862953
7767.19164493 7056.52755036 5216.07644725 171.952673224 5000.0 5000.0 3.65681384878
7634.60166854 6151.6632086 5216.10396057 176.596349851 3600.0 3600.0 6.20778708349
7717.7961835 6986.66427241 5216.11638865 170.745144382 4900.0 4900.0 3.71964570185
7500.80223158 6270.32183028 5216.12215514 169.436291138 3800.0 3800.0 5.35327388172
7552.51867876 6210.50499044 5216.16265779 172.414340931 3700.0 3700.0 5.73026500015
7637.93690946 6151.64687372 5216.28056823 176.871043449 3600.0 3600.0 6.22035345411
7628.29036993 6849.09994189 5216.32499566 168.692593667 4700.0 4700.0 3.87044214922
7504.02035594 6270.30185251 5216.36604928 169.753798586 3800.0 3800.0 5.36584025233
7555.79463135 6210.48685308 5216.37300252 172.711064981 3700.0 3700.0 5.74283137076
7672.3719364 6917.49968616 5216.38976831 169.830438715 4800.0 4800.0 3.79504392554
7641.27290983 6151.63054881 5216.45670874 177.145473311 3600.0 3600.0 6.23291982472
7559.07146629 6210.46872688 5216.5827832 173.007502306 3700.0 3700.0 5.75539774138
7507.23947746 6270.2818871 5216.60928851 170.070998316 3800.0 3800.0 5.37840662295
7478.24666301 6331.04875246 5216.63006762 168.120254846 3900.0 3900.0 5.0768137282
7644.60966753 6151.61423387 5216.63238382 177.419639784 3600.0 3600.0 6.24548619534
7769.85499321 7056.48203452 5216.6351178 172.46707184 5000.0 5000.0 3.66938021939
7720.4973417 6986.62112239 5216.65512576 171.245416892 4900.0 4900.0 3.73221207246
7562.34918108 6210.45061184 5216.79200192 173.303653285 3700.0 3700.0 5.76796411199
7647.94718046 6151.59792889 5216.80759522 177.693543215 3600.0 3600.0 6.25805256595
7631.07164879 6849.06141377 5216.82041098 169.163499823 4700.0 4700.0 3.88300851984
7510.45959328 6270.26193405 5216.85187523 170.387890729 3800.0 3800.0 5.39097299356
7591.22952504 6781.41366499 5216.85615817 168.242792539 4600.0 4600.0 3.97097311414
7481.41103098 6331.02692153 5216.90527107 168.45680322 3900.0 3900.0 5.08938009882
7675.1129532 6917.45887527 5216.90705428 170.316054129 4800.0 4800.0 3.80761029615
7651.2854465 6151.58163386 5216.98234464 177.967183949 3600.0 3600.0 6.27061893657
7565.62777322 6210.43250795 5217.00066079 173.599518292 3700.0 3700.0 5.78053048261
7513.68070057 6270.24199335 5217.09381183 170.704476229 3800.0 3800.0 5.40353936417
7484.57649384 6331.00510416 5217.17974297 168.793025515 3900.0 3900.0 5.10194646943
7772.51992174 7056.43654647 5217.19274216 172.981001646 5000.0 5000.0 3.68194659001
7723.2000729 6986.57799882 5217.19281223 171.745229938 4900.0 4900.0 3.74477844308
7568.90724022 6210.41441519 5217.20876186 173.895097705 3700.0 3700.0 5.79309685322
7633.85446967 6849.02290942 5217.31478126 169.633967065 4700.0 4700.0 3.89557489045
7594.05443754 6781.37740643 5217.32726949 168.698091433 4600.0 4600.0 3.98353948475
7516.90279651 6270.22206497 5217.33510069 171.020755215 3800.0 3800.0 5.41610573479
7572.18757959 6210.39633355 5217.41630722 174.190391897 3700.0 3700.0 5.80566322383
7677.85552941 6917.41808947 5217.42329062 170.801220221 4800.0 4800.0 3.82017666677
7487.74304851 6330.98330032 5217.45348592 169.128922153 3900.0 3900.0 5.11451284004
7520.12587828 6270.20214892 5217.57574419 171.336728088 3800.0 3800.0 5.4286721054
7575.46878887 6210.37826303 5217.62329891 174.485401243 3700.0 3700.0 5.81822959445
7490.91069193 6330.96151001 5217.72650255 169.464493558 3900.0 3900.0 5.12707921066
7725.90437423 6986.53490168 5217.72945032 172.244584042 4900.0 4900.0 3.75734481369
7775.18642782 7056.39108619 5217.74932244 173.494463165 5000.0 5000.0 3.69451296062
7477.41076763 6392.66590671 5217.75280092 168.193770223 4000.0 4000.0 4.87575179837
7596.88086421 6781.34117029 5217.7973494 169.152963096 4600.0 4600.0 3.99610585537
7636.63882943 6848.98442882 5217.80810903 170.103995907 4700.0 4700.0 3.90814126107
7523.34994308 6270.18224517 5217.81574467 171.652395248 3800.0 3800.0 5.44123847602
7561.48441346 6714.4759184 5217.82543481 168.38711057 4500.0 4500.0 4.09663682028
7578.75086559 6210.36020362 5217.82973898 174.780126117 3700.0 3700.0 5.83079596506
7680.59966201 6917.37732875 5217.93847977 171.285937509 4800.0 4800.0 3.83274303738
7494.07942102 6330.93973321 5217.99879544 169.799740149 3900.0 3900.0 5.13964558127
7582.0338073 6210.3421553 5218.03562948 175.074566892 3700.0 3700.0 5.84336233568
7526.57498812 6270.16235372 5218.05510448 171.967757093 3800.0 3800.0 5.45380484663
7480.52552022 6392.64220724 5218.05675268 168.547852457 4000.0 4000.0 4.88831816899
7533.52892669 6648.38548196 5218.2274943 168.18292967 4400.0 4400.0 4.22230052642
7585.31761155 6210.32411806 5218.24097243 175.368723941 3700.0 3700.0 5.85592870629
7728.61024284 6986.49183094 5218.26504229 172.743479725 4900.0 4900.0 3.76991118431
7599.7088018 6781.30495655 5218.26640056 169.607408037 4600.0 4600.0 4.00867222598
7564.35606037 6714.44190653 5218.26997945 168.82598651 4500.0 4500.0 4.1092031909
7497.24923274 6330.91796992 5218.27036717 170.134662349 3900.0 3900.0 5.15221195189
7529.80101062 6270.14247456 5218.29382597 172.282814022 3800.0 3800.0 5.46637121725
7639.42472493 6848.94597194 5218.30039685 170.573586862 4700.0 4700.0 3.92070763168
7777.85450875 7056.34565367 5218.30486073 174.00745692 5000.0 5000.0 3.70707933124
7482.08822464 6455.24383155 5218.3172695 168.106897514 4100.0 4100.0 4.68725623916
7483.64144791 6392.6185225 5218.35991133 168.901592536 4000.0 4000.0 4.9008845396
7510.35643993 6583.13488374 5218.44523636 168.037765392 4300.0 4300.0 4.36053060318
7588.60227593 6210.3060919 5218.44576985 175.662597635 3700.0 3700.0 5.86849507691
7683.34534801 6917.33659308 5218.45262411 171.77020651 4800.0 4800.0 3.84530940799
7533.02800781 6270.12260767 5218.53191147 172.597566433 3800.0 3800.0 5.47893758786
7500.42012405 6330.89622011 5218.54122031 170.469260576 3900.0 3900.0 5.1647783225
7536.44717617 6648.35364504 5218.64543009 168.605460386 4400.0 4400.0 4.23486689704
7591.887798 6210.2880768 5218.65002376 175.956188346 3700.0 3700.0 5.88106144752
7485.15287211 6455.21818939 5218.65039262 168.478487768 4100.0 4100.0 4.69982260977
7486.75854747 6392.59485247 5218.66227961 169.2549909 4000.0 4000.0 4.91345091021
7567.22918242 6714.40791574 5218.71351616 169.264448131 4500.0 4500.0 4.12176956151
7602.53824706 6781.2687652 5218.73442565 170.061426761 4600.0 4600.0 4.02123859659
7495.14852124 6518.7254873 5218.75405499 168.293080479 4200.0 4200.0 4.52389342117
7536.25597693 6270.10275305 5218.76936328 172.912014723 3800.0 3800.0 5.49150395847
7642.21215306 6848.90753877 5218.79164726 171.042740441 4700.0 4700.0 3.93327400229
7731.31767587 6986.44878657 5218.7995904 173.241917505 4900.0 4900.0 3.78247755492
7503.59209192 6330.87448378 5218.81135743 170.803535251 3900.0 3900.0 5.17734469312
7513.32239821 6583.10516728 5218.8357021 168.44365511 4300.0 4300.0 4.3730969738
7595.17417535 6210.27007276 5218.85373615 176.249496446 3700.0 3700.0 5.89362781813
7780.52416181 7056.30024887 5218.85935914 174.519983433 5000.0 5000.0 3.71964570185
7489.87681568 6392.57119714 5218.96386026 169.608047987 4000.0 4000.0 4.92601728083
7686.09258443 6917.29588244 5218.96572605 172.254027741 4800.0 4800.0 3.85787577861
7488.21877027 6455.19256317 5218.98266538 168.849720142 4100.0 4100.0 4.71238898038
7539.48491524 6270.08291068 5219.00618373 173.226159289 3800.0 3800.0 5.50407032909
7598.46140557 6210.25207976 5219.05690903 176.542522303 3700.0 3700.0 5.90619418875
7539.36685703 6648.32182787 5219.06238603 169.027589872 4400.0 4400.0 4.24743326765
7506.76513333 6330.85276092 5219.08078108 171.137486793 3900.0 3900.0 5.18991106373
7498.16429821 6518.69784915 5219.11553789 168.681716714 4200.0 4200.0 4.53645979178
7570.10377628 6714.37394599 5219.15604769 169.702495932 4500.0 4500.0 4.13433593212
7605.36919676 6781.2325962 5219.20142732 170.515019775 4600.0 4600.0 4.03380496721
7516.28973617 6583.07546928 5219.22522336 168.84915733 4300.0 4300.0 4.38566334441
7542.71481999 6270.06308055 5219.2423751 173.540000527 3800.0 3800.0 5.5166366997
7601.74948629 6210.23409779 5219.25954437 176.835266289 3700.0 3700.0 5.91876055936
7492.99624933 6392.54755648 5219.264656 169.960764235 4000.0 4000.0 4.93858365144
7645.00111069 6848.86912927 5219.2818628 171.511457157 4700.0 4700.0 3.94584037291
7491.28591578 6455.16695287 5219.31409062 169.220595089 4100.0 4100.0 4.724955351
7734.02667049 6986.40576857 5219.3330969 173.739897904 4900.0 4900.0 3.79504392554
7509.93924528 6330.8310515 5219.3494938 171.471115619 3900.0 3900.0 5.20247743434
7783.19538431 7056.25487176 5219.41281978 175.032043227 5000.0 5000.0 3.73221207246
7605.03841511 6210.21612685 5219.46164415 177.127728772 3700.0 3700.0 5.93132692998
7501.18139213 6518.67022817 5219.47612157 169.069980239 4200.0 4200.0 4.5490261624
7688.84136828 6917.2551968 5219.47778798 172.737401718 4800.0 4800.0 3.87044214922
7545.94568847 6270.04326265 5219.47793968 173.853538832 3800.0 3800.0 5.52920307032
7542.28796589 6648.29003043 5219.47836495 169.449318619 4400.0 4400.0 4.25999963827
7496.11684523 6392.5239305 5219.56466953 170.313140081 4000.0 4000.0 4.95115002206
7572.97983863 6714.33999727 5219.5975768 170.14013041 4500.0 4500.0 4.14690230274
7519.2584504 6583.04578972 5219.613803 169.254272533 4300.0 4300.0 4.39822971503
7513.11442477 6330.80935553 5219.61749812 171.804422148 3900.0 3900.0 5.21504380496
7494.35430531 6455.14135848 5219.64467117 169.591113064 4100.0 4100.0 4.73752172161
7608.32818965 6210.19816692 5219.66321034 177.419910121 3700.0 3700.0 5.94389330059
7608.20164766 6781.19644954 5219.66740823 170.968187585 4600.0 4600.0 4.04637133782
7549.17751795 6270.02345696 5219.71287976 174.166774599 3800.0 3800.0 5.54176944093
7647.79159471 6848.83074343 5219.77104599 171.97973752 4700.0 4700.0 3.95840674352
7504.19979963 6518.64262435 5219.83580891 169.457871519 4200.0 4200.0 4.56159253301
7499.23860018 6392.50031918 5219.86390356 170.665175962 4000.0 4000.0 4.96371639267
7611.61880756 6210.180218 5219.86424489 177.711810704 3700.0 3700.0 5.95645967121
7736.73722384 6986.36277689 5219.86556404 174.237421439 4900.0 4900.0 3.80761029615
7516.29066883 6330.78767298 5219.88479655 172.137406795 3900.0 3900.0 5.22761017557
7545.21049935 6648.25825271 5219.89336968 169.870647117 4400.0 4400.0 4.27256600888
7552.41030573 6270.00366349 5219.9471976 174.479708222 3800.0 3800.0 5.55433581155
7785.86817355 7056.20952234 5219.96524473 175.543636821 5000.0 5000.0 3.74477844308
7497.42393554 6455.11577998 5219.97440982 169.961274519 4100.0 4100.0 4.75008809223
7691.59169656 6917.21453615 5219.98881231 173.220328955 4800.0 4800.0 3.88300851984
7522.22853748 6583.01612858 5220.0014439 169.659001196 4300.0 4300.0 4.41079608564
7575.85736615 6714.30606955 5220.03810626 170.577352065 4500.0 4500.0 4.15946867335
7611.03559655 6781.1603252 5220.13237103 171.420930695 4600.0 4600.0 4.05893770844
7519.46797447 6330.76600385 5220.1513916 172.470069979 3900.0 3900.0 5.24017654619
7502.36151101 6392.4767225 5220.16236077 171.016872313 4000.0 4000.0 4.97628276329
7555.64404912 6269.98388221 5220.18089545 174.792340095 3800.0 3800.0 5.56690218216
7507.2195173 6518.61503767 5220.19460278 169.845391023 4200.0 4200.0 4.57415890363
7650.58360201 6848.79238123 5220.25919937 172.447582041 4700.0 4700.0 3.97097311414
7500.49480316 6455.09021737 5220.30330938 170.331079906 4100.0 4100.0 4.76265446284
7548.13445404 6648.22649468 5220.30740304 170.291575854 4400.0 4400.0 4.2851323795
7525.19999403 6582.98648585 5220.38814892 170.0633438 4300.0 4300.0 4.42336245625
7739.44933309 6986.31981152 5220.39699406 174.734488629 4900.0 4900.0 3.82017666677
7558.87874544 6269.96411312 5220.41397557 175.104670611 3800.0 3800.0 5.57946855278
7522.64633874 6330.74434812 5220.41728578 172.802412113 3900.0 3900.0 5.2527429168
7505.48557457 6392.45314044 5220.46004385 171.368229569 4000.0 4000.0 4.9888491339
7578.73635554 6714.27216283 5220.4776388 171.014161393 4500.0 4500.0 4.17203504397
7694.34356632 6917.17390045 5220.49880142 173.702809969 4800.0 4800.0 3.89557489045
7788.54252683 7056.16420056 5220.5166361 176.054764738 5000.0 5000.0 3.75734481369
7510.24054179 6518.58746812 5220.55250601 170.232539215 4200.0 4200.0 4.58672527424
7613.8710402 6781.12422315 5220.59631837 171.87324961 4600.0 4600.0 4.07150407905
7503.56690489 6455.06467062 5220.63137265 170.700529677 4100.0 4100.0 4.77522083346
7562.114392 6269.9443562 5220.64644019 175.416700163 3800.0 3800.0 5.59203492339
7525.8257587 6330.72270578 5220.68248157 173.134433615 3900.0 3900.0 5.26530928742
7551.05982661 6648.19475634 5220.72046785 170.712105319 4400.0 4400.0 4.29769875011
7653.37712949 6848.75404265 5220.74632546 172.914991231 4700.0 4700.0 3.98353948475
7508.61078769 6392.42957301 5220.75695547 171.719248164 4000.0 4000.0 5.00141550451
7528.17281665 6582.95686151 5220.77392091 170.467300821 4300.0 4300.0 4.43592882687
7565.35098615 6269.92461144 5220.87829155 175.728429141 3800.0 3800.0 5.604601294
7513.26286972 6518.55991568 5220.90952146 170.619316562 4200.0 4200.0 4.59929164486
7581.61680349 6714.23827708 5220.91617716 171.450558891 4500.0 4500.0 4.18460141458
7742.1629954 6986.27687243 5220.9273892 175.231099992 4900.0 4900.0 3.83274303738
7529.00623139 6330.70107681 5220.94698145 173.466134897 3900.0 3900.0 5.27787565803
7506.64023744 6455.03913971 5220.95860239 171.069624283 4100.0 4100.0 4.78778720407
7697.09697456 6917.1332897 5221.0077577 174.184845272 4800.0 4800.0 3.90814126107
7511.73714723 6392.40602017 5221.05309827 172.069928534 4000.0 4000.0 5.01398187513
7616.70797542 6781.08814339 5221.05925287 172.325144833 4600.0 4600.0 4.08407044967
7791.21844147 7056.11890641 5221.06699599 176.565427496 5000.0 5000.0 3.76991118431
7568.58852523 6269.90487884 5221.10953185 176.039857938 3800.0 3800.0 5.61716766462
7553.98661369 6648.16303766 5221.13256692 171.132236 4400.0 4400.0 4.31026512073
7531.14700196 6582.92725554 5221.1587627 170.870872737 4300.0 4300.0 4.44849519748
7532.1877539 6330.67946121 5221.21078788 173.797516374 3900.0 3900.0 5.29044202865
7656.17217405 6848.71572766 5221.23242676 173.381965597 4700.0 4700.0 3.99610585537
7516.28649775 6518.53238033 5221.26565194 171.005723528 4200.0 4200.0 4.61185801547
7509.71479753 6455.01362465 5221.28500139 171.438364174 4100.0 4100.0 4.80035357469
7571.82700661 6269.88515837 5221.34016332 176.350986944 3800.0 3800.0 5.62973403523
7514.86465007 6392.38248193 5221.34847492 172.420271111 4000.0 4000.0 5.02654824574
7584.49870671 6714.20441229 5221.35372407 171.886545055 4500.0 4500.0 4.1971677852
7744.87820794 6986.2339596 5221.45675172 175.727256044 4900.0 4900.0 3.84530940799
7535.37032331 6330.65785897 5221.47390333 174.12857846 3900.0 3900.0 5.30300839926
7699.85191833 6917.09270385 5221.51568352 174.666435378 4800.0 4800.0 3.92070763168
7619.54639899 6781.05208588 5221.52117718 172.776616868 4600.0 4600.0 4.09663682028
7534.12254661 6582.89766793 5221.54267713 171.274060025 4300.0 4300.0 4.4610615681
7556.91481193 6648.13133862 5221.54370303 171.551968384 4400.0 4400.0 4.32283149134
7575.06642764 6269.86545004 5221.57018815 176.661816549 3800.0 3800.0 5.64230040585
7512.7905819 6454.98812541 5221.61057239 171.806749799 4100.0 4100.0 4.8129199453
7793.89591478 7056.07363986 5221.61632647 177.075625616 5000.0 5000.0 3.78247755492
7519.31142254 6518.50486207 5221.62090028 171.391760576 4200.0 4200.0 4.62442438608
7517.99329308 6392.35895826 5221.64308803 172.770276327 4000.0 4000.0 5.03911461636
7658.96873261 6848.67743624 5221.7175058 173.848505649 4700.0 4700.0 4.00867222598
7538.55393672 6330.63627006 5221.73633023 174.459321566 3900.0 3900.0 5.31557476987
7587.38206192 6714.17056842 5221.79028227 172.322120381 4500.0 4500.0 4.20973415581
7578.30678572 6269.84575382 5221.79960852 176.972347142 3800.0 3800.0 5.65486677646
7537.09944722 6582.86809866 5221.92566702 171.67686316 4300.0 4300.0 4.47362793871
7515.86758731 6454.96264197 5221.93531815 172.174781608 4100.0 4100.0 4.82548631591
7521.12307316 6392.33544915 5221.93694025 173.119944615 4000.0 4000.0 5.05168098697
7559.84441801 6648.0996592 5221.95387899 171.971302956 4400.0 4400.0 4.33539786195
7522.33764076 6518.47736086 5221.9752693 171.777428172 4200.0 4200.0 4.6369907567
7622.38630773 6781.01605061 5221.98209392 173.227666216 4600.0 4600.0 4.1092031909
7747.59496789 6986.19107301 5221.98508383 176.222957303 4900.0 4900.0 3.85787577861
7541.73859122 6330.61469449 5221.99807102 174.789746105 3900.0 3900.0 5.32814114049
7702.60839467 6917.0521429 5222.02258127 175.147580801 4800.0 4800.0 3.93327400229
7581.54807822 6269.82606971 5222.02842663 177.282579113 3800.0 3800.0 5.66743314708
7796.57494407 7056.02840088 5222.16462964 177.585359616 5000.0 5000.0 3.79504392554
7661.76680207 6848.63916837 5222.20156509 174.314611896 4700.0 4700.0 4.02123859659
7590.26686584 6714.13674547 5222.22585445 172.757285363 4500.0 4500.0 4.22230052642
7524.25398721 6392.31195459 5222.23003419 173.469276406 4000.0 4000.0 5.06424735759
7584.79030254 6269.80639769 5222.25664463 177.592512849 3800.0 3800.0 5.67999951769
7544.92428394 6330.59313222 5222.25912814 175.119852488 3900.0 3900.0 5.3407075111
7518.94581051 6454.93717432 5222.2592414 172.542460049 4100.0 4100.0 4.83805268653
7540.07770045 6582.8385477 5222.30773519 172.079282618 4300.0 4300.0 4.48619430933
7525.36514908 6518.44987671 5222.32876178 172.162726776 4200.0 4200.0 4.64955712731
7562.77542858 6648.06799939 5222.36309756 172.390240203 4400.0 4400.0 4.34796423257
7625.22769844 6780.98003755 5222.4420057 173.67829338 4600.0 4600.0 4.12176956151
7588.0334561 6269.78673776 5222.4842647 177.902148739 3800.0 3800.0 5.6925658883
7750.31327241 6986.14821262 5222.51238778 176.718204285 4900.0 4900.0 3.87044214922
7548.11101201 6330.57158327 5222.51950399 175.449641127 3900.0 3900.0 5.35327388172
7527.38603214 6392.28847457 5222.52237244 173.818272131 4000.0 4000.0 5.0768137282
7705.3664006 6917.01160682 5222.52845331 175.628282052 4800.0 4800.0 3.94584037291
7522.02524827 6454.91172245 5222.58234488 172.90978557 4100.0 4100.0 4.85061905714
7593.1531152 6714.10294341 5222.66044334 173.192040495 4500.0 4500.0 4.23486689704
7528.3939442 6518.42240958 5222.68138053 172.547656852 4200.0 4200.0 4.66212349793
7664.56637936 6848.60092403 5222.68460711 174.780284843 4700.0 4700.0 4.03380496721
7543.05730297 6582.80901506 5222.68888444 172.481318873 4300.0 4300.0 4.49876067994
7565.70784034 6648.03635917 5222.77136153 172.808780609 4400.0 4400.0 4.36053060318
7551.29877255 6330.5500476 5222.77920099 175.779112431 3900.0 3900.0 5.36584025233
7530.51920488 6392.26500907 5222.81395762 174.16693222 4000.0 4000.0 5.08938009882
7628.07056794 6780.94404669 5222.90091515 174.128498861 4600.0 4600.0 4.13433593212
7525.10589738 6454.88628635 5222.90463131 173.276758618 4100.0 4100.0 4.86318542776
7531.42402281 6518.39495948 5223.03312833 172.932218862 4200.0 4200.0 4.67468986854
7708.1259332 6916.97109559 5223.03330202 176.108539644 4800.0 4800.0 3.95840674352
7554.48756273 6330.52852522 5223.03822152 176.10826681 3900.0 3900.0 5.37840662295
7753.03311868 6986.10537843 5223.03866579 177.212997504 4900.0 4900.0 3.88300851984
7546.03825144 6582.7795007 5223.06911756 172.8829724 4300.0 4300.0 4.51132705055
7596.04080675 6714.06916223 5223.09405164 173.626386271 4500.0 4500.0 4.24743326765
7533.65350237 6392.24155808 5223.1047923 174.515257101 4000.0 4000.0 5.10194646943
7667.36746141 6848.5627032 5223.16663437 175.245524999 4700.0 4700.0 4.04637133782
7568.64164996 6648.00473852 5223.17867366 173.22692466 4400.0 4400.0 4.3730969738
7528.18775463 6454.86086599 5223.22610338 173.643379638 4100.0 4100.0 4.87575179837
7557.6773797 6330.5070161 5223.29656798 176.437104673 3900.0 3900.0 5.39097299356
7630.91491305 6780.90807801 5223.35882486 174.578283159 4600.0 4600.0 4.14690230274
7534.45538164 6518.36752637 5223.38400794 173.316413265 4200.0 4200.0 4.68725623916
7536.78892155 6392.21812158 5223.39487905 174.863247206 4000.0 4000.0 5.11451284004
7549.02054254 6582.75000461 5223.44843736 173.284243671 4300.0 4300.0 4.52389342117
7598.92993722 6714.03540191 5223.52668204 174.060323184 4500.0 4500.0 4.25999963827
7710.88698949 6916.93060918 5223.53712976 176.588354088 4800.0 4800.0 3.97097311414
7531.27081682 6454.83546137 5223.54676381 174.009649078 4100.0 4100.0 4.88831816899
7560.86822062 6330.48552023 5223.55424273 176.765626428 3900.0 3900.0 5.40353936417
7755.7545039 6986.0625704 5223.5639201 177.707337475 4900.0 4900.0 3.89557489045
7571.57685415 6647.97313742 5223.58503671 173.644672839 4400.0 4400.0 4.38566334441
7670.17004514 6848.52450586 5223.64764936 175.710332869 4700.0 4700.0 4.05893770844
7539.92545939 6392.19469956 5223.68422045 175.21090296 4000.0 4000.0 5.12707921066
7537.48801739 6518.34011025 5223.73402214 173.700240522 4200.0 4200.0 4.69982260977
7564.06008269 6330.46403761 5223.81124816 177.093832483 3900.0 3900.0 5.41610573479
7633.76073062 6780.87213149 5223.81573743 175.027646774 4600.0 4600.0 4.15946867335
7552.00417296 6582.72052678 5223.82684659 173.68513316 4300.0 4300.0 4.53645979178
7534.35508076 6454.81007246 5223.86661527 174.375567382 4100.0 4100.0 4.9008845396
7601.82050337 6714.00166242 5223.95833723 174.493851725 4500.0 4500.0 4.27256600888
7543.06311284 6392.17129201 5223.97281904 175.558224793 4000.0 4000.0 5.13964558127
7574.51344961 6647.94155586 5223.99045343 174.062025629 4400.0 4400.0 4.39822971503
7713.64956655 6916.89014757 5224.03993889 177.067725894 4800.0 4800.0 3.98353948475
7567.25296309 6330.44256822 5224.0675866 177.421723245 3900.0 3900.0 5.4286721054
7540.5219268 6518.3127111 5224.08317366 174.083701093 4200.0 4200.0 4.71238898038
7672.97412751 6848.48633198 5224.12765456 176.174708959 4700.0 4700.0 4.07150407905
7537.44054328 6454.78469926 5224.18566045 174.741134994 4100.0 4100.0 4.91345091021
7554.98913941 6582.69106718 5224.20434804 174.085641338 4300.0 4300.0 4.5490261624
7546.20187889 6392.14789892 5224.26067738 175.90521313 4000.0 4000.0 5.15221195189
7636.60801748 6780.8362071 5224.27165547 175.476590205 4600.0 4600.0 4.17203504397
7570.44685902 6330.42111205 5224.32326042 177.749299121 3900.0 3900.0 5.44123847602
7604.71250196 6713.96794375 5224.38901989 174.926972388 4500.0 4500.0 4.2851323795
7577.45143305 6647.90999382 5224.39492655 174.478983513 4400.0 4400.0 4.41079608564
7543.55710662 6518.2853289 5224.43146527 174.466795437 4200.0 4200.0 4.724955351
7540.52720122 6454.75934176 5224.50390202 175.106352359 4100.0 4100.0 4.92601728083
7716.41366144 6916.84971075 5224.54173176 177.546655572 4800.0 4800.0 3.99610585537
7549.34175453 6392.12452027 5224.54779799 176.251868399 4000.0 4000.0 5.1647783225
7557.97543859 6582.66162581 5224.58094446 174.485768677 4300.0 4300.0 4.56159253301
7675.77970545 6848.44818154 5224.60665246 176.638653774 4700.0 4700.0 4.08407044967
7639.45677047 6780.80030482 5224.72658156 175.925113952 4600.0 4600.0 4.18460141458
7546.5935536 6518.25796364 5224.77889968 174.849524012 4200.0 4200.0 4.73752172161
7580.3908012 6647.87845127 5224.79845882 174.895546972 4400.0 4400.0 4.42336245625
7607.60592977 6713.93424587 5224.8187327 175.359685662 4500.0 4500.0 4.29769875011
7543.61505141 6454.73399992 5224.82134263 175.47121992 4100.0 4100.0 4.93858365144
7552.48273677 6392.10115605 5224.8341834 176.598191025 4000.0 4000.0 5.17734469312
7560.96306722 6582.63220264 5224.9566386 174.885515648 4300.0 4300.0 4.57415890363
7678.58677591 6848.41005453 5225.08464553 177.102167818 4700.0 4700.0 4.09663682028
7555.6248226 6392.07780624 5225.11983613 176.944181433 4000.0 4000.0 5.18991106373
7549.63126449 6518.2306153 5225.12547963 175.231887276 4200.0 4200.0 4.75008809223
7546.70409073 6454.70867375 5225.13798493 175.835738119 4100.0 4100.0 4.95115002206
7642.30698644 6780.76442464 5225.18051828 176.373218512 4600.0 4600.0 4.1971677852
7583.33155078 6647.84692821 5225.20105295 175.311716489 4400.0 4400.0 4.43592882687
7610.50078358 6713.90056878 5225.24747833 175.791992038 4500.0 4500.0 4.31026512073
7563.95202204 6582.60279766 5225.33143322 175.284882721 4300.0 4300.0 4.58672527424
7558.76800906 6392.05447084 5225.40475868 177.289840048 4000.0 4000.0 5.20247743434
7549.79431603 6454.68336323 5225.45383156 176.199907399 4100.0 4100.0 4.96371639267
7552.67023607 6518.20328387 5225.47120784 175.613885685 4200.0 4200.0 4.76265446284
7681.39533585 6848.37195092 5225.56163623 177.565251596 4700.0 4700.0 4.1092031909
7586.27367855 6647.81542461 5225.60271167 175.727492543 4400.0 4400.0 4.44849519748
7645.15866226 6780.72856653 5225.63346821 176.820904382 4600.0 4600.0 4.20973415581
7613.39706016 6713.86691245 5225.67525943 176.223892005 4500.0 4500.0 4.32283149134
7561.91229318 6392.03114982 5225.68895354 177.635167293 4000.0 4000.0 5.21504380496
7566.94229976 6582.57341085 5225.70533103 175.683870365 4300.0 4300.0 4.59929164486
7552.88572419 6454.65806834 5225.76888516 176.563728201 4100.0 4100.0 4.97628276329
7555.71046512 6518.17596933 5225.816087 175.995519697 4200.0 4200.0 4.77522083346
7565.057672 6392.00784318 5225.9724232 177.980163592 4000.0 4000.0 5.22761017557
7589.21718125 6647.78394045 5226.00343768 176.142875614 4400.0 4400.0 4.4610615681
7569.93389715 6582.54404219 5226.07833478 176.082479049 4300.0 4300.0 4.61185801547
7555.97831211 6454.63278906 5226.08314833 176.927200965 4100.0 4100.0 4.9888491339
7648.0117948 6780.69273048 5226.08543392 177.268172061 4600.0 4600.0 4.22230052642
7616.29475631 6713.83327686 5226.10207866 176.655386054 4500.0 4500.0 4.33539786195
7558.75194844 6518.14867166 5226.16011981 176.376789766 4200.0 4200.0 4.78778720407
7559.07207667 6454.60752539 5226.3966237 177.290326131 4100.0 4100.0 5.00141550451
7592.16205564 6647.75247572 5226.40323369 176.557866183 4400.0 4400.0 4.47362793871
7572.92681097 6582.51469167 5226.45044718 176.480709243 4300.0 4300.0 4.62442438608
7561.79468282 6518.12139086 5226.50330897 176.757696349 4200.0 4200.0 4.80035357469
7619.19386884 6713.79966199 5226.52793866 177.086474672 4500.0 4500.0 4.34796423257
7650.86638092 6780.65691647 5226.53641798 177.715022042 4600.0 4600.0 4.23486689704
7562.16701479 6454.58227731 5226.70931385 177.65310414 4100.0 4100.0 5.01398187513
7595.10829848 6647.7210304 5226.80210239 176.972464727 4400.0 4400.0 4.48619430933
7575.92103796 6582.48535927 5226.82167092 176.878561412 4300.0 4300.0 4.6369907567
7564.83866509 6518.0941269 5226.84565714 177.138239899 4200.0 4200.0 4.8129199453
7622.09439455 6713.76606783 5226.95284208 177.517158347 4500.0 4500.0 4.36053060318
7567.88389206 6518.06687977 5227.18716701 177.518420871 4200.0 4200.0 4.82548631591
7578.91657492 6582.45604498 5227.19200873 177.276036025 4300.0 4300.0 4.64955712731
7598.05590654 6647.68960448 5227.20004647 177.386671725 4400.0 4400.0 4.49876067994
7624.99633025 6713.73249435 5227.37679155 177.947437567 4500.0 4500.0 4.3730969738
7570.93036056 6518.03964946 5227.52784122 177.898239718 4200.0 4200.0 4.83805268653
7581.91341863 6582.42674877 5227.56146327 177.673133547 4300.0 4300.0 4.66212349793
7601.00487662 6647.65819792 5227.5970686 177.800487654 4400.0 4400.0 4.51132705055
