9191.26172199 6212.00655003 5666.96870771 168.083477873 2900.0 2900.0 12.0260166779
9194.58234168 6212.00194036 5666.99665732 168.197642239 2900.0 2900.0 12.0385830486
9197.90310582 6211.99733288 5667.0245553 168.311721542 2900.0 2900.0 12.0511494192
9201.22401418 6211.99272758 5667.0524018 168.425715871 2900.0 2900.0 12.0637157898
9204.54506652 6211.98812447 5667.08019695 168.53962532 2900.0 2900.0 12.0762821604
9207.8662626 6211.98352355 5667.10794089 168.653449978 2900.0 2900.0 12.088848531
9211.18760218 6211.97892481 5667.13563377 168.767189939 2900.0 2900.0 12.1014149016
9214.50908501 6211.97432824 5667.16327572 168.880845292 2900.0 2900.0 12.1139812722
9217.83071088 6211.96973386 5667.19086688 168.994416128 2900.0 2900.0 12.1265476429
9221.15247953 6211.96514166 5667.21840739 169.107902539 2900.0 2900.0 12.1391140135
9224.47439074 6211.96055163 5667.24589738 169.221304614 2900.0 2900.0 12.1516803841
9227.79644426 6211.95596378 5667.273337 169.334622445 2900.0 2900.0 12.1642467547
9231.11863987 6211.9513781 5667.30072638 169.447856122 2900.0 2900.0 12.1768131253
9234.44097733 6211.9467946 5667.32806565 169.561005736 2900.0 2900.0 12.1893794959
9237.7634564 6211.94221326 5667.35535496 169.674071376 2900.0 2900.0 12.2019458665
9241.08607686 6211.9376341 5667.38259443 169.787053132 2900.0 2900.0 12.2145122372
9244.40883847 6211.9330571 5667.40978421 169.899951095 2900.0 2900.0 12.2270786078
9247.731741 6211.92848227 5667.43692441 170.012765354 2900.0 2900.0 12.2396449784
9251.05478422 6211.9239096 5667.46401519 170.125495999 2900.0 2900.0 12.252211349
9254.3779679 6211.91933909 5667.49105667 170.23814312 2900.0 2900.0 12.2647777196
9257.70129181 6211.91477075 5667.51804898 170.350706806 2900.0 2900.0 12.2773440902
9261.02475572 6211.91020456 5667.54499226 170.463187146 2900.0 2900.0 12.2899104608
9264.3483594 6211.90564053 5667.57188664 170.575584229 2900.0 2900.0 12.3024768315
9267.67210262 6211.90107867 5667.59873225 170.687898146 2900.0 2900.0 12.3150432021
9270.99598516 6211.89651895 5667.62552922 170.800128984 2900.0 2900.0 12.3276095727
9274.3200068 6211.89196139 5667.65227768 170.912276832 2900.0 2900.0 12.3401759433
9277.64416729 6211.88740598 5667.67897776 171.024341779 2900.0 2900.0 12.3527423139
9280.96846643 6211.88285272 5667.70562959 171.136323915 2900.0 2900.0 12.3653086845
9284.29290398 6211.87830161 5667.7322333 171.248223326 2900.0 2900.0 12.3778750551
9287.61747972 6211.87375265 5667.75878902 171.360040102 2900.0 2900.0 12.3904414258
9290.94219343 6211.86920583 5667.78529687 171.471774331 2900.0 2900.0 12.4030077964
9294.26704488 6211.86466116 5667.81175698 171.583426101 2900.0 2900.0 12.415574167
9297.59203385 6211.86011864 5667.83816949 171.694995499 2900.0 2900.0 12.4281405376
9300.91716011 6211.85557825 5667.86453451 171.806482614 2900.0 2900.0 12.4407069082
9304.24242346 6211.85104 5667.89085218 171.917887534 2900.0 2900.0 12.4532732788
9307.56782366 6211.84650389 5667.91712262 172.029210346 2900.0 2900.0 12.4658396494
9310.8933605 6211.84196992 5667.94334595 172.140451138 2900.0 2900.0 12.4784060201
9314.21903376 6211.83743809 5667.9695223 172.251609997 2900.0 2900.0 12.4909723907
9317.54484321 6211.83290838 5667.99565179 172.36268701 2900.0 2900.0 12.5035387613
9320.87078865 6211.82838081 5668.02173455 172.473682264 2900.0 2900.0 12.5161051319
9324.19686984 6211.82385538 5668.0477707 172.584595847 2900.0 2900.0 12.5286715025
9327.52308658 6211.81933207 5668.07376037 172.695427845 2900.0 2900.0 12.5412378731
9330.84943864 6211.81481089 5668.09970368 172.806178346 2900.0 2900.0 12.5538042437
8963.10075859 6258.99372733 5674.4353549 168.118179449 3000.0 3000.0 11.0584061406
8966.39701262 6258.98836921 5674.4718686 168.246409892 3000.0 3000.0 11.0709725113
8969.69344494 6258.98301367 5674.5083107 168.37454268 3000.0 3000.0 11.0835388819
8972.99005525 6258.97766072 5674.54468138 168.502577919 3000.0 3000.0 11.0961052525
8976.28684321 6258.97231036 5674.58098087 168.630515716 3000.0 3000.0 11.1086716231
8979.5838085 6258.96696257 5674.61720936 168.758356178 3000.0 3000.0 11.1212379937
8982.8809508 6258.96161737 5674.65336706 168.886099411 3000.0 3000.0 11.1338043643
8986.1782698 6258.95627474 5674.68945417 169.013745522 3000.0 3000.0 11.1463707349
8989.47576517 6258.95093468 5674.72547091 169.141294616 3000.0 3000.0 11.1589371056
8992.7734366 6258.9455972 5674.76141746 169.2687468 3000.0 3000.0 11.1715034762
8996.07128377 6258.9402623 5674.79729403 169.39610218 3000.0 3000.0 11.1840698468
8999.36930636 6258.93492996 5674.83310083 169.523360861 3000.0 3000.0 11.1966362174
9002.66750406 6258.92960019 5674.86883805 169.650522949 3000.0 3000.0 11.209202588
9005.96587657 6258.92427298 5674.90450589 169.77758855 3000.0 3000.0 11.2217689586
9009.26442355 6258.91894834 5674.94010455 169.904557768 3000.0 3000.0 11.2343353292
9012.56314471 6258.91362627 5674.97563423 170.031430709 3000.0 3000.0 11.2469016999
9015.86203972 6258.90830675 5675.01109512 170.158207478 3000.0 3000.0 11.2594680705
9019.16110829 6258.90298979 5675.04648743 170.284888179 3000.0 3000.0 11.2720344411
9022.4603501 6258.89767539 5675.08181134 170.411472918 3000.0 3000.0 11.2846008117
9025.75976484 6258.89236355 5675.11706706 170.537961798 3000.0 3000.0 11.2971671823
9029.0593522 6258.88705426 5675.15225477 170.664354925 3000.0 3000.0 11.3097335529
9032.35911189 6258.88174751 5675.18737467 170.790652403 3000.0 3000.0 11.3222999235
9035.65904358 6258.87644332 5675.22242696 170.916854335 3000.0 3000.0 11.3348662942
9038.95914699 6258.87114168 5675.25741182 171.042960826 3000.0 3000.0 11.3474326648
9042.2594218 6258.86584258 5675.29232945 171.168971979 3000.0 3000.0 11.3599990354
9045.5598677 6258.86054603 5675.32718003 171.294887899 3000.0 3000.0 11.372565406
9048.86048441 6258.85525202 5675.36196377 171.420708688 3000.0 3000.0 11.3851317766
9052.16127162 6258.84996055 5675.39668083 171.546434451 3000.0 3000.0 11.3976981472
9055.46222902 6258.84467162 5675.43133142 171.67206529 3000.0 3000.0 11.4102645178
9058.76335632 6258.83938522 5675.46591573 171.797601308 3000.0 3000.0 11.4228308885
9062.06465321 6258.83410137 5675.50043393 171.923042609 3000.0 3000.0 11.4353972591
9065.36611941 6258.82882004 5675.53488622 172.048389296 3000.0 3000.0 11.4479636297
9068.66775461 6258.82354124 5675.56927278 172.17364147 3000.0 3000.0 11.4605300003
9071.96955851 6258.81826498 5675.6035938 172.298799235 3000.0 3000.0 11.4730963709
9075.27153083 6258.81299124 5675.63784946 172.423862693 3000.0 3000.0 11.4856627415
9078.57367126 6258.80772003 5675.67203994 172.548831946 3000.0 3000.0 11.4982291121
9081.87597952 6258.80245134 5675.70616543 172.673707097 3000.0 3000.0 11.5107954828
9085.1784553 6258.79718518 5675.74022611 172.798488247 3000.0 3000.0 11.5233618534
9088.48109832 6258.79192153 5675.77422216 172.923175498 3000.0 3000.0 11.535928224
9091.78390829 6258.78666041 5675.80815376 173.047768952 3000.0 3000.0 11.5484945946
9095.08688492 6258.7814018 5675.8420211 173.17226871 3000.0 3000.0 11.5610609652
9098.39002791 6258.7761457 5675.87582434 173.296674875 3000.0 3000.0 11.5736273358
9101.69333698 6258.77089212 5675.90956368 173.420987546 3000.0 3000.0 11.5861937064
9104.99681184 6258.76564105 5675.94323929 173.545206826 3000.0 3000.0 11.5987600771
9108.3004522 6258.76039249 5675.97685134 173.669332815 3000.0 3000.0 11.6113264477
9111.60425777 6258.75514644 5676.01040002 173.793365614 3000.0 3000.0 11.6238928183
9114.90822828 6258.7499029 5676.0438855 173.917305325 3000.0 3000.0 11.6364591889
9118.21236343 6258.74466186 5676.07730796 174.041152046 3000.0 3000.0 11.6490255595
9121.51666294 6258.73942332 5676.11066756 174.16490588 3000.0 3000.0 11.6615919301
9124.82112653 6258.73418728 5676.14396449 174.288566926 3000.0 3000.0 11.6741583007
9128.12575391 6258.72895374 5676.17719893 174.412135284 3000.0 3000.0 11.6867246714
9131.43054481 6258.7237227 5676.21037103 174.535611054 3000.0 3000.0 11.699291042
9134.73549894 6258.71849415 5676.24348098 174.658994337 3000.0 3000.0 11.7118574126
9138.04061603 6258.7132681 5676.27652894 174.782285232 3000.0 3000.0 11.7244237832
9141.34589578 6258.70804454 5676.3095151 174.905483839 3000.0 3000.0 11.7369901538
9144.65133793 6258.70282347 5676.34243961 175.028590257 3000.0 3000.0 11.7495565244
9147.9569422 6258.69760489 5676.37530265 175.151604585 3000.0 3000.0 11.762122895
9151.26270831 6258.69238879 5676.40810439 175.274526923 3000.0 3000.0 11.7746892657
9154.56863598 6258.68717518 5676.44084499 175.39735737 3000.0 3000.0 11.7872556363
9157.87472494 6258.68196405 5676.47352463 175.520096025 3000.0 3000.0 11.7998220069
9161.18097491 6258.6767554 5676.50614348 175.642742986 3000.0 3000.0 11.8123883775
9164.48738562 6258.67154924 5676.53870169 175.765298352 3000.0 3000.0 11.8249547481
9167.79395679 6258.66634555 5676.57119944 175.887762222 3000.0 3000.0 11.8375211187
9171.10068816 6258.66114433 5676.60363689 176.010134694 3000.0 3000.0 11.8500874893
9174.40757945 6258.65594559 5676.63601421 176.132415867 3000.0 3000.0 11.86265386
9177.71463039 6258.65074932 5676.66833156 176.254605838 3000.0 3000.0 11.8752202306
9181.02184072 6258.64555553 5676.7005891 176.376704705 3000.0 3000.0 11.8877866012
9184.32921015 6258.6403642 5676.73278701 176.498712567 3000.0 3000.0 11.9003529718
9187.63673842 6258.63517534 5676.76492543 176.620629521 3000.0 3000.0 11.9129193424
9190.94442527 6258.62998894 5676.79700454 176.742455665 3000.0 3000.0 11.925485713
9194.25227042 6258.62480501 5676.8290245 176.864191095 3000.0 3000.0 11.9380520836
9197.56027361 6258.61962354 5676.86098546 176.98583591 3000.0 3000.0 11.9506184543
9200.86843458 6258.61444453 5676.89288758 177.107390207 3000.0 3000.0 11.9631848249
9204.17675305 6258.60926797 5676.92473104 177.228854082 3000.0 3000.0 11.9757511955
9207.48522877 6258.60409388 5676.95651598 177.350227633 3000.0 3000.0 11.9883175661
9210.79386147 6258.59892224 5676.98824256 177.471510956 3000.0 3000.0 12.0008839367
9214.10265088 6258.59375305 5677.01991095 177.592704149 3000.0 3000.0 12.0134503073
9217.41159675 6258.58858631 5677.0515213 177.713807307 3000.0 3000.0 12.0260166779
9220.72069881 6258.58342203 5677.08307377 177.834820526 3000.0 3000.0 12.0385830486
9224.02995681 6258.57826019 5677.11456851 177.955743904 3000.0 3000.0 12.0511494192
8774.89028594 6307.20616069 5681.44933647 168.106643457 3100.0 3100.0 10.2290256801
8778.16010533 6307.19999269 5681.49608178 168.249247121 3100.0 3100.0 10.2415920507
8781.43014215 6307.19382771 5681.54273059 168.391740224 3100.0 3100.0 10.2541584213
8784.70039598 6307.18766574 5681.58928318 168.53412289 3100.0 3100.0 10.2667247919
8787.97086638 6307.1815068 5681.63573985 168.676395241 3100.0 3100.0 10.2792911625
8791.24155295 6307.17535086 5681.68210088 168.818557399 3100.0 3100.0 10.2918575332
8794.51245525 6307.16919793 5681.72836658 168.960609486 3100.0 3100.0 10.3044239038
8797.78357287 6307.16304802 5681.77453722 169.102551624 3100.0 3100.0 10.3169902744
8801.05490538 6307.15690111 5681.82061309 169.244383934 3100.0 3100.0 10.329556645
8804.32645237 6307.1507572 5681.86659448 169.386106539 3100.0 3100.0 10.3421230156
8807.59821342 6307.1446163 5681.91248168 169.52771956 3100.0 3100.0 10.3546893862
8810.87018812 6307.13847839 5681.95827496 169.669223118 3100.0 3100.0 10.3672557568
8814.14237604 6307.13234348 5682.00397461 169.810617333 3100.0 3100.0 10.3798221275
8817.41477679 6307.12621157 5682.04958091 169.951902328 3100.0 3100.0 10.3923884981
8820.68738995 6307.12008265 5682.09509415 170.093078222 3100.0 3100.0 10.4049548687
8823.9602151 6307.11395672 5682.14051459 170.234145136 3100.0 3100.0 10.4175212393
8827.23325184 6307.10783378 5682.18584253 170.37510319 3100.0 3100.0 10.4300876099
8830.50649976 6307.10171383 5682.23107823 170.515952505 3100.0 3100.0 10.4426539805
8833.77995846 6307.09559686 5682.27622197 170.656693201 3100.0 3100.0 10.4552203511
8837.05362752 6307.08948287 5682.32127403 170.797325398 3100.0 3100.0 10.4677867218
8840.32750655 6307.08337186 5682.36623467 170.937849215 3100.0 3100.0 10.4803530924
8843.60159514 6307.07726383 5682.41110419 171.078264772 3100.0 3100.0 10.492919463
8846.8758929 6307.07115878 5682.45588283 171.218572188 3100.0 3100.0 10.5054858336
8850.15039941 6307.0650567 5682.50057088 171.358771582 3100.0 3100.0 10.5180522042
8853.42511429 6307.05895759 5682.54516861 171.498863074 3100.0 3100.0 10.5306185748
8856.70003713 6307.05286145 5682.58967628 171.638846783 3100.0 3100.0 10.5431849454
8859.97516754 6307.04676827 5682.63409416 171.778722826 3100.0 3100.0 10.5557513161
8863.25050513 6307.04067806 5682.67842251 171.918491323 3100.0 3100.0 10.5683176867
8866.52604949 6307.03459082 5682.72266161 172.058152392 3100.0 3100.0 10.5808840573
8869.80180024 6307.02850653 5682.76681172 172.197706151 3100.0 3100.0 10.5934504279
8873.07775698 6307.0224252 5682.81087309 172.337152718 3100.0 3100.0 10.6060167985
8876.35391933 6307.01634683 5682.854846 172.476492212 3100.0 3100.0 10.6185831691
8879.6302869 6307.01027141 5682.8987307 172.615724749 3100.0 3100.0 10.6311495397
8882.90685929 6307.00419895 5682.94252745 172.754850447 3100.0 3100.0 10.6437159104
8886.18363612 6306.99812943 5682.98623652 172.893869425 3100.0 3100.0 10.656282281
8889.46061701 6306.99206286 5683.02985816 173.032781798 3100.0 3100.0 10.6688486516
8892.73780156 6306.98599924 5683.07339263 173.171587685 3100.0 3100.0 10.6814150222
8896.01518941 6306.97993856 5683.11684018 173.310287201 3100.0 3100.0 10.6939813928
8899.29278015 6306.97388082 5683.16020107 173.448880464 3100.0 3100.0 10.7065477634
8902.57057343 6306.96782602 5683.20347556 173.58736759 3100.0 3100.0 10.719114134
8905.84856884 6306.96177416 5683.24666389 173.725748697 3100.0 3100.0 10.7316805047
8909.12676603 6306.95572523 5683.28976632 173.864023898 3100.0 3100.0 10.7442468753
8912.4051646 6306.94967923 5683.33278311 174.002193312 3100.0 3100.0 10.7568132459
8915.68376418 6306.94363617 5683.37571449 174.140257054 3100.0 3100.0 10.7693796165
8918.9625644 6306.93759603 5683.41856073 174.27821524 3100.0 3100.0 10.7819459871
8922.24156488 6306.93155882 5683.46132206 174.416067985 3100.0 3100.0 10.7945123577
8925.52076525 6306.92552453 5683.50399874 174.553815405 3100.0 3100.0 10.8070787283
8928.80016514 6306.91949317 5683.54659102 174.691457615 3100.0 3100.0 10.819645099
8932.07976418 6306.91346472 5683.58909914 174.82899473 3100.0 3100.0 10.8322114696
8935.35956199 6306.9074392 5683.63152333 174.966426865 3100.0 3100.0 10.8447778402
8938.63955821 6306.90141658 5683.67386386 175.103754135 3100.0 3100.0 10.8573442108
8941.91975247 6306.89539689 5683.71612096 175.240976655 3100.0 3100.0 10.8699105814
8945.20014441 6306.8893801 5683.75829487 175.378094538 3100.0 3100.0 10.882476952
8948.48073366 6306.88336622 5683.80038583 175.515107901 3100.0 3100.0 10.8950433226
8951.76151985 6306.87735525 5683.84239409 175.652016855 3100.0 3100.0 10.9076096933
8955.04250263 6306.87134719 5683.88431987 175.788821517 3100.0 3100.0 10.9201760639
8958.32368162 6306.86534202 5683.92616343 175.925521999 3100.0 3100.0 10.9327424345
8961.60505648 6306.85933976 5683.967925 176.062118415 3100.0 3100.0 10.9453088051
8964.88662683 6306.8533404 5684.00960481 176.198610878 3100.0 3100.0 10.9578751757
8968.16839233 6306.84734393 5684.0512031 176.334999503 3100.0 3100.0 10.9704415463
8971.45035261 6306.84135036 5684.09272011 176.471284402 3100.0 3100.0 10.9830079169
8974.73250732 6306.83535968 5684.13415607 176.607465689 3100.0 3100.0 10.9955742876
8978.0148561 6306.82937189 5684.1755112 176.743543476 3100.0 3100.0 11.0081406582
8981.29739859 6306.82338699 5684.21678575 176.879517875 3100.0 3100.0 11.0207070288
8984.58013445 6306.81740498 5684.25797995 177.015389001 3100.0 3100.0 11.0332733994
8987.86306332 6306.81142585 5684.29909402 177.151156965 3100.0 3100.0 11.04583977
8991.14618484 6306.8054496 5684.34012819 177.286821879 3100.0 3100.0 11.0584061406
8994.42949868 6306.79947623 5684.3810827 177.422383855 3100.0 3100.0 11.0709725113
8997.71300447 6306.79350574 5684.42195777 177.557843006 3100.0 3100.0 11.0835388819
9000.99670188 6306.78753813 5684.46275362 177.693199443 3100.0 3100.0 11.0961052525
9004.28059055 6306.78157339 5684.50347049 177.828453279 3100.0 3100.0 11.1086716231
9007.56467014 6306.77561152 5684.54410859 177.963604624 3100.0 3100.0 11.1212379937
8619.66991821 6356.61540934 5687.96736331 168.072675343 3200.0 3200.0 9.51274255507
8622.91122915 6356.60837001 5688.02608756 168.229888288 3200.0 3200.0 9.52530892568
8626.1528021 6356.60133416 5688.08468523 168.38697757 3200.0 3200.0 9.5378752963
8629.3946365 6356.5943018 5688.14315673 168.543943327 3200.0 3200.0 9.55044166691
8632.63673181 6356.58727292 5688.20150244 168.700785696 3200.0 3200.0 9.56300803753
8635.87908748 6356.58024752 5688.25972276 168.857504817 3200.0 3200.0 9.57557440814
8639.12170297 6356.57322559 5688.3178181 169.014100826 3200.0 3200.0 9.58814077876
8642.36457773 6356.56620714 5688.37578884 169.170573862 3200.0 3200.0 9.60070714937
8645.60771122 6356.55919216 5688.43363537 169.326924061 3200.0 3200.0 9.61327351998
8648.85110291 6356.55218065 5688.49135808 169.483151561 3200.0 3200.0 9.6258398906
8652.09475226 6356.5451726 5688.54895737 169.639256499 3200.0 3200.0 9.63840626121
8655.33865873 6356.53816802 5688.60643361 169.795239012 3200.0 3200.0 9.65097263183
8658.58282178 6356.5311669 5688.66378719 169.951099236 3200.0 3200.0 9.66353900244
8661.8272409 6356.52416923 5688.7210185 170.106837309 3200.0 3200.0 9.67610537306
8665.07191554 6356.51717503 5688.77812792 170.262453365 3200.0 3200.0 9.68867174367
8668.31684518 6356.51018427 5688.83511582 170.417947542 3200.0 3200.0 9.70123811429
8671.56202929 6356.50319697 5688.89198259 170.573319974 3200.0 3200.0 9.7138044849
8674.80746734 6356.49621312 5688.9487286 170.728570799 3200.0 3200.0 9.72637085551
8678.05315882 6356.48923271 5689.00535423 170.88370015 3200.0 3200.0 9.73893722613
8681.29910321 6356.48225574 5689.06185985 171.038708165 3200.0 3200.0 9.75150359674
8684.54529998 6356.47528222 5689.11824584 171.193594977 3200.0 3200.0 9.76406996736
8687.79174861 6356.46831213 5689.17451256 171.348360721 3200.0 3200.0 9.77663633797
8691.03844859 6356.46134548 5689.23066039 171.503005533 3200.0 3200.0 9.78920270859
8694.28539941 6356.45438226 5689.28668969 171.657529547 3200.0 3200.0 9.8017690792
8697.53260055 6356.44742247 5689.34260083 171.811932897 3200.0 3200.0 9.81433544981
8700.7800515 6356.44046611 5689.39839418 171.966215717 3200.0 3200.0 9.82690182043
8704.02775175 6356.43351318 5689.45407009 172.120378142 3200.0 3200.0 9.83946819104
8707.2757008 6356.42656366 5689.50962893 172.274420305 3200.0 3200.0 9.85203456166
8710.52389814 6356.41961757 5689.56507107 172.42834234 3200.0 3200.0 9.86460093227
8713.77234325 6356.4126749 5689.62039685 172.58214438 3200.0 3200.0 9.87716730289
8717.02103565 6356.40573564 5689.67560665 172.735826558 3200.0 3200.0 9.8897336735
8720.26997483 6356.3987998 5689.73070081 172.889389008 3200.0 3200.0 9.90230004412
8723.51916029 6356.39186736 5689.78567968 173.042831863 3200.0 3200.0 9.91486641473
8726.76859153 6356.38493833 5689.84054363 173.196155254 3200.0 3200.0 9.92743278534
8730.01826806 6356.37801271 5689.89529301 173.349359315 3200.0 3200.0 9.93999915596
8733.26818938 6356.37109049 5689.94992816 173.502444178 3200.0 3200.0 9.95256552657
8736.518355 6356.36417167 5690.00444943 173.655409974 3200.0 3200.0 9.96513189719
8739.76876443 6356.35725625 5690.05885718 173.808256837 3200.0 3200.0 9.9776982678
8743.01941717 6356.35034422 5690.11315174 173.960984897 3200.0 3200.0 9.99026463842
8746.27031274 6356.34343559 5690.16733347 174.113594287 3200.0 3200.0 10.002831009
8749.52145066 6356.33653035 5690.22140271 174.266085137 3200.0 3200.0 10.0153973796
8752.77283043 6356.32962849 5690.27535979 174.418457579 3200.0 3200.0 10.0279637503
8756.02445158 6356.32273002 5690.32920507 174.570711743 3200.0 3200.0 10.0405301209
8759.27631361 6356.31583494 5690.38293888 174.722847762 3200.0 3200.0 10.0530964915
8762.52841606 6356.30894323 5690.43656155 174.874865765 3200.0 3200.0 10.0656628621
8765.78075844 6356.3020549 5690.49007344 175.026765882 3200.0 3200.0 10.0782292327
8769.03334028 6356.29516995 5690.54347486 175.178548245 3200.0 3200.0 10.0907956033
8772.2861611 6356.28828837 5690.59676616 175.330212983 3200.0 3200.0 10.1033619739
8775.53922042 6356.28141016 5690.64994766 175.481760226 3200.0 3200.0 10.1159283446
8778.79251777 6356.27453532 5690.70301971 175.633190104 3200.0 3200.0 10.1284947152
8782.04605268 6356.26766384 5690.75598263 175.784502746 3200.0 3200.0 10.1410610858
8785.29982468 6356.26079573 5690.80883674 175.935698282 3200.0 3200.0 10.1536274564
8788.55383331 6356.25393097 5690.86158239 176.086776841 3200.0 3200.0 10.166193827
8791.80807809 6356.24706958 5690.91421988 176.237738553 3200.0 3200.0 10.1787601976
8795.06255856 6356.24021154 5690.96674956 176.388583545 3200.0 3200.0 10.1913265682
8798.31727426 6356.23335685 5691.01917174 176.539311947 3200.0 3200.0 10.2038929389
8801.57222473 6356.22650552 5691.07148674 176.689923887 3200.0 3200.0 10.2164593095
8804.82740949 6356.21965753 5691.12369489 176.840419493 3200.0 3200.0 10.2290256801
8808.0828281 6356.21281289 5691.17579651 176.990798894 3200.0 3200.0 10.2415920507
8811.33848009 6356.20597159 5691.22779191 177.141062217 3200.0 3200.0 10.2541584213
8814.59436502 6356.19913364 5691.27968141 177.291209591 3200.0 3200.0 10.2667247919
8817.85048241 6356.19229902 5691.33146534 177.441241142 3200.0 3200.0 10.2792911625
8821.10683183 6356.18546774 5691.38314399 177.591156999 3200.0 3200.0 10.2918575332
8824.36341281 6356.17863979 5691.4347177 177.740957288 3200.0 3200.0 10.3044239038
8827.62022491 6356.17181517 5691.48618677 177.890642137 3200.0 3200.0 10.3169902744
8493.80060517 6407.18879279 5693.99780014 168.131545173 3300.0 3300.0 8.89699039497
8497.01154392 6407.18082307 5694.07019152 168.30346368 3300.0 3300.0 8.90955676558
8500.22279422 6407.17285733 5694.14242133 168.47524541 3300.0 3300.0 8.9221231362
8503.43435537 6407.16489558 5694.21449012 168.646890518 3300.0 3300.0 8.93468950681
8506.64622669 6407.15693781 5694.28639839 168.818399156 3300.0 3300.0 8.94725587742
8509.85840748 6407.14898402 5694.35814668 168.989771479 3300.0 3300.0 8.95982224804
8513.07089706 6407.1410342 5694.42973549 169.161007639 3300.0 3300.0 8.97238861865
8516.28369475 6407.13308835 5694.50116535 169.33210779 3300.0 3300.0 8.98495498927
8519.49679986 6407.12514648 5694.57243677 169.503072084 3300.0 3300.0 8.99752135988
8522.71021171 6407.11720856 5694.64355026 169.673900675 3300.0 3300.0 9.0100877305
8525.92392964 6407.10927461 5694.71450633 169.844593715 3300.0 3300.0 9.02265410111
8529.13795296 6407.10134462 5694.78530549 170.015151355 3300.0 3300.0 9.03522047172
8532.35228101 6407.09341859 5694.85594825 170.185573749 3300.0 3300.0 9.04778684234
8535.56691311 6407.08549651 5694.9264351 170.355861047 3300.0 3300.0 9.06035321295
8538.78184861 6407.07757838 5694.99676655 170.526013402 3300.0 3300.0 9.07291958357
8541.99708682 6407.0696642 5695.0669431 170.696030964 3300.0 3300.0 9.08548595418
8545.2126271 6407.06175396 5695.13696525 170.865913886 3300.0 3300.0 9.0980523248
8548.42846879 6407.05384767 5695.20683349 171.035662317 3300.0 3300.0 9.11061869541
8551.64461121 6407.04594531 5695.27654832 171.205276409 3300.0 3300.0 9.12318506602
8554.86105373 6407.03804689 5695.34611022 171.374756313 3300.0 3300.0 9.13575143664
8558.07779569 6407.03015241 5695.41551969 171.544102177 3300.0 3300.0 9.14831780725
8561.29483643 6407.02226185 5695.4847772 171.713314154 3300.0 3300.0 9.16088417787
8564.51217531 6407.01437522 5695.55388326 171.882392392 3300.0 3300.0 9.17345054848
8567.72981169 6407.00649252 5695.62283833 172.051337041 3300.0 3300.0 9.1860169191
8570.94774491 6406.99861373 5695.69164291 172.220148251 3300.0 3300.0 9.19858328971
8574.16597434 6406.99073887 5695.76029746 172.388826171 3300.0 3300.0 9.21114966033
8577.38449933 6406.98286792 5695.82880247 172.55737095 3300.0 3300.0 9.22371603094
8580.60331926 6406.97500089 5695.89715842 172.725782737 3300.0 3300.0 9.23628240155
8583.82243348 6406.96713776 5695.96536577 172.894061681 3300.0 3300.0 9.24884877217
8587.04184136 6406.95927854 5696.03342499 173.06220793 3300.0 3300.0 9.26141514278
8590.26154227 6406.95142323 5696.10133656 173.230221632 3300.0 3300.0 9.2739815134
8593.48153559 6406.94357181 5696.16910094 173.398102935 3300.0 3300.0 9.28654788401
8596.70182068 6406.9357243 5696.2367186 173.565851987 3300.0 3300.0 9.29911425463
8599.92239692 6406.92788068 5696.30419 173.733468937 3300.0 3300.0 9.31168062524
8603.14326369 6406.92004095 5696.37151561 173.90095393 3300.0 3300.0 9.32424699585
8606.36442037 6406.91220511 5696.43869587 174.068307115 3300.0 3300.0 9.33681336647
8609.58586634 6406.90437316 5696.50573126 174.235528638 3300.0 3300.0 9.34937973708
8612.80760098 6406.89654509 5696.57262222 174.402618646 3300.0 3300.0 9.3619461077
8616.02962369 6406.8887209 5696.63936922 174.569577286 3300.0 3300.0 9.37451247831
8619.25193385 6406.88090059 5696.70597269 174.736404705 3300.0 3300.0 9.38707884893
8622.47453084 6406.87308416 5696.7724331 174.903101047 3300.0 3300.0 9.39964521954
8625.69741407 6406.8652716 5696.83875089 175.06966646 3300.0 3300.0 9.41221159016
8628.92058293 6406.85746291 5696.9049265 175.23610109 3300.0 3300.0 9.42477796077
8632.14403681 6406.84965808 5696.97096039 175.40240508 3300.0 3300.0 9.43734433138
8635.36777511 6406.84185712 5697.036853 175.568578578 3300.0 3300.0 9.449910702
8638.59179723 6406.83406002 5697.10260476 175.734621728 3300.0 3300.0 9.46247707261
8641.81610258 6406.82626677 5697.16821612 175.900534675 3300.0 3300.0 9.47504344323
8645.04069056 6406.81847738 5697.23368751 176.066317564 3300.0 3300.0 9.48760981384
8648.26556057 6406.81069185 5697.29901937 176.23197054 3300.0 3300.0 9.50017618446
8651.49071203 6406.80291016 5697.36421213 176.397493746 3300.0 3300.0 9.51274255507
8654.71614434 6406.79513232 5697.42926623 176.562887328 3300.0 3300.0 9.52530892568
8657.94185692 6406.78735832 5697.4941821 176.728151429 3300.0 3300.0 9.5378752963
8661.16784918 6406.77958817 5697.55896016 176.893286192 3300.0 3300.0 9.55044166691
8664.39412054 6406.77182185 5697.62360085 177.058291761 3300.0 3300.0 9.56300803753
8667.62067042 6406.76405937 5697.68810458 177.223168281 3300.0 3300.0 9.57557440814
8670.84749824 6406.75630072 5697.75247179 177.387915893 3300.0 3300.0 9.58814077876
8674.07460341 6406.7485459 5697.81670289 177.55253474 3300.0 3300.0 9.60070714937
8677.30198537 6406.7407949 5697.8807983 177.717024967 3300.0 3300.0 9.61327351998
8680.52964353 6406.73304773 5697.94475845 177.881386714 3300.0 3300.0 9.6258398906
8390.4824713 6458.90357356 5699.47849897 168.179698206 3400.0 3400.0 8.35663645855
8393.66106501 6458.89461217 5699.56631228 168.366455841 3400.0 3400.0 8.36920282916
8396.8400248 6458.88565531 5699.65392413 168.553063562 3400.0 3400.0 8.38176919978
8400.01934984 6458.87670296 5699.74133518 168.739521539 3400.0 3400.0 8.39433557039
8403.19903925 6458.86775512 5699.82854611 168.925829939 3400.0 3400.0 8.40690194101
8406.3790922 6458.8588118 5699.91555757 169.111988933 3400.0 3400.0 8.41946831162
8409.55950784 6458.84987298 5700.00237022 169.297998689 3400.0 3400.0 8.43203468224
8412.74028533 6458.84093866 5700.08898473 169.483859375 3400.0 3400.0 8.44460105285
8415.92142383 6458.83200884 5700.17540175 169.669571159 3400.0 3400.0 8.45716742346
8419.1029225 6458.82308352 5700.26162193 169.855134209 3400.0 3400.0 8.46973379408
8422.28478051 6458.81416269 5700.34764592 170.040548694 3400.0 3400.0 8.48230016469
8425.46699704 6458.80524634 5700.43347437 170.225814779 3400.0 3400.0 8.49486653531
8428.64957124 6458.79633449 5700.51910793 170.410932633 3400.0 3400.0 8.50743290592
8431.83250231 6458.78742712 5700.60454722 170.595902422 3400.0 3400.0 8.51999927654
8435.01578942 6458.77852422 5700.6897929 170.780724313 3400.0 3400.0 8.53256564715
8438.19943175 6458.7696258 5700.7748456 170.965398473 3400.0 3400.0 8.54513201776
8441.38342849 6458.76073185 5700.85970595 171.149925068 3400.0 3400.0 8.55769838838
8444.56777882 6458.75184238 5700.94437458 171.334304263 3400.0 3400.0 8.57026475899
8447.75248193 6458.74295736 5701.02885213 171.518536225 3400.0 3400.0 8.58283112961
8450.93753703 6458.73407681 5701.11313921 171.702621119 3400.0 3400.0 8.59539750022
8454.1229433 6458.72520072 5701.19723644 171.886559111 3400.0 3400.0 8.60796387084
8457.30869995 6458.71632909 5701.28114446 172.070350365 3400.0 3400.0 8.62053024145
8460.49480618 6458.7074619 5701.36486387 172.253995047 3400.0 3400.0 8.63309661206
8463.68126119 6458.69859917 5701.4483953 172.437493321 3400.0 3400.0 8.64566298268
8466.8680642 6458.68974088 5701.53173934 172.620845351 3400.0 3400.0 8.65822935329
8470.0552144 6458.68088703 5701.61489663 172.804051302 3400.0 3400.0 8.67079572391
8473.24271103 6458.67203762 5701.69786775 172.987111338 3400.0 3400.0 8.68336209452
8476.43055329 6458.66319264 5701.78065331 173.170025622 3400.0 3400.0 8.69592846514
8479.6187404 6458.6543521 5701.86325392 173.352794317 3400.0 3400.0 8.70849483575
8482.80727159 6458.64551599 5701.94567018 173.535417588 3400.0 3400.0 8.72106120637
8485.99614608 6458.6366843 5702.02790268 173.717895597 3400.0 3400.0 8.73362757698
8489.18536309 6458.62785704 5702.10995202 173.900228507 3400.0 3400.0 8.74619394759
8492.37492187 6458.61903419 5702.19181879 174.08241648 3400.0 3400.0 8.75876031821
8495.56482163 6458.61021576 5702.27350358 174.264459679 3400.0 3400.0 8.77132668882
8498.75506163 6458.60140174 5702.35500697 174.446358266 3400.0 3400.0 8.78389305944
8501.94564109 6458.59259213 5702.43632956 174.628112403 3400.0 3400.0 8.79645943005
8505.13655925 6458.58378693 5702.51747192 174.809722251 3400.0 3400.0 8.80902580067
8508.32781537 6458.57498613 5702.59843463 174.991187973 3400.0 3400.0 8.82159217128
8511.51940869 6458.56618972 5702.67921827 175.172509729 3400.0 3400.0 8.83415854189
8514.71133845 6458.55739771 5702.75982342 175.35368768 3400.0 3400.0 8.84672491251
8517.90360392 6458.5486101 5702.84025065 175.534721987 3400.0 3400.0 8.85929128312
8521.09620433 6458.53982687 5702.92050052 175.71561281 3400.0 3400.0 8.87185765374
8524.28913896 6458.53104804 5703.00057361 175.896360311 3400.0 3400.0 8.88442402435
8527.48240706 6458.52227358 5703.08047048 176.076964648 3400.0 3400.0 8.89699039497
8530.67600788 6458.5135035 5703.1601917 176.257425982 3400.0 3400.0 8.90955676558
8533.86994071 6458.5047378 5703.23973783 176.437744473 3400.0 3400.0 8.9221231362
8537.0642048 6458.49597647 5703.31910941 176.617920281 3400.0 3400.0 8.93468950681
8540.25879943 6458.48721951 5703.39830702 176.797953563 3400.0 3400.0 8.94725587742
8543.45372386 6458.47846692 5703.4773312 176.977844479 3400.0 3400.0 8.95982224804
8546.64897737 6458.46971869 5703.55618251 177.157593189 3400.0 3400.0 8.97238861865
8549.84455925 6458.46097482 5703.63486149 177.33719985 3400.0 3400.0 8.98495498927
8553.04046876 6458.4522353 5703.7133687 177.516664621 3400.0 3400.0 8.99752135988
8556.23670519 6458.44350014 5703.79170468 177.69598766 3400.0 3400.0 9.0100877305
8559.43326783 6458.43476933 5703.86986996 177.875169126 3400.0 3400.0 9.02265410111
8303.08884934 6511.74282635 5704.28586215 168.014653021 3500.0 3500.0 7.86654800459
8306.23278989 6511.73280709 5704.39104864 168.216508199 3500.0 3500.0 7.8791143752
8309.37715658 6511.72279291 5704.49598845 168.418200183 3500.0 3500.0 7.89168074582
8312.52194838 6511.71278382 5704.60068242 168.619729158 3500.0 3500.0 7.90424711643
8315.66716427 6511.70277981 5704.70513138 168.821095308 3500.0 3500.0 7.91681348705
8318.81280321 6511.69278089 5704.80933614 169.022298818 3500.0 3500.0 7.92937985766
8321.95886417 6511.68278703 5704.91329753 169.22333987 3500.0 3500.0 7.94194622828
8325.10534616 6511.67279825 5705.01701637 169.424218648 3500.0 3500.0 7.95451259889
8328.25224813 6511.66281453 5705.12049348 169.624935336 3500.0 3500.0 7.9670789695
8331.3995691 6511.65283587 5705.22372966 169.825490116 3500.0 3500.0 7.97964534012
8334.54730804 6511.64286228 5705.32672572 170.025883172 3500.0 3500.0 7.99221171073
8337.69546396 6511.63289374 5705.42948247 170.226114686 3500.0 3500.0 8.00477808135
8340.84403585 6511.62293025 5705.5320007 170.42618484 3500.0 3500.0 8.01734445196
8343.99302272 6511.6129718 5705.63428122 170.626093816 3500.0 3500.0 8.02991082258
8347.14242357 6511.6030184 5705.73632482 170.825841795 3500.0 3500.0 8.04247719319
8350.29223742 6511.59307004 5705.83813229 171.02542896 3500.0 3500.0 8.0550435638
8353.44246328 6511.58312672 5705.93970441 171.224855492 3500.0 3500.0 8.06760993442
8356.59310017 6511.57318843 5706.04104197 171.424121571 3500.0 3500.0 8.08017630503
8359.74414711 6511.56325516 5706.14214576 171.623227378 3500.0 3500.0 8.09274267565
8362.89560313 6511.55332692 5706.24301654 171.822173094 3500.0 3500.0 8.10530904626
8366.04746725 6511.54340371 5706.34365509 172.020958898 3500.0 3500.0 8.11787541688
8369.19973851 6511.5334855 5706.44406218 172.219584972 3500.0 3500.0 8.13044178749
8372.35241594 6511.52357232 5706.54423858 172.418051494 3500.0 3500.0 8.1430081581
8375.50549858 6511.51366414 5706.64418506 172.616358644 3500.0 3500.0 8.15557452872
8378.65898549 6511.50376096 5706.74390236 172.814506602 3500.0 3500.0 8.16814089933
8381.81287569 6511.49386279 5706.84339126 173.012495546 3500.0 3500.0 8.18070726995
8384.96716826 6511.48396962 5706.9426525 173.210325655 3500.0 3500.0 8.19327364056
8388.12186222 6511.47408144 5707.04168684 173.407997107 3500.0 3500.0 8.20584001118
8391.27695666 6511.46419825 5707.14049503 173.605510082 3500.0 3500.0 8.21840638179
8394.43245061 6511.45432004 5707.2390778 173.802864756 3500.0 3500.0 8.23097275241
8397.58834316 6511.44444682 5707.3374359 174.000061307 3500.0 3500.0 8.24353912302
8400.74463336 6511.43457858 5707.43557008 174.197099914 3500.0 3500.0 8.25610549363
8403.90132029 6511.42471532 5707.53348105 174.393980752 3500.0 3500.0 8.26867186425
8407.05840302 6511.41485702 5707.63116956 174.590704 3500.0 3500.0 8.28123823486
8410.21588063 6511.40500369 5707.72863634 174.787269834 3500.0 3500.0 8.29380460548
8413.3737522 6511.39515533 5707.82588211 174.983678431 3500.0 3500.0 8.30637097609
8416.53201681 6511.38531193 5707.9229076 175.179929966 3500.0 3500.0 8.31893734671
8419.69067355 6511.37547349 5708.01971352 175.376024616 3500.0 3500.0 8.33150371732
8422.84972152 6511.36563999 5708.1163006 175.571962557 3500.0 3500.0 8.34407008793
8426.0091598 6511.35581145 5708.21266953 175.767743964 3500.0 3500.0 8.35663645855
8429.16898749 6511.34598785 5708.30882105 175.963369013 3500.0 3500.0 8.36920282916
8432.3292037 6511.3361692 5708.40475585 176.158837878 3500.0 3500.0 8.38176919978
8435.48980752 6511.32635548 5708.50047464 176.354150734 3500.0 3500.0 8.39433557039
8438.65079806 6511.3165467 5708.59597813 176.549307757 3500.0 3500.0 8.40690194101
8441.81217444 6511.30674284 5708.691267 176.74430912 3500.0 3500.0 8.41946831162
8237.63513512 6565.65213799 5708.70132481 168.19647758 3600.0 3600.0 7.45185777431
8444.97393577 6511.29694392 5708.78634197 176.939154997 3500.0 3500.0 8.43203468224
8240.74342465 6565.64100906 5708.82506065 168.41320099 3600.0 3600.0 7.46442414493
8448.13608116 6511.28714991 5708.88120371 177.133845562 3500.0 3500.0 8.44460105285
8243.85220228 6565.62988581 5708.94850228 168.629748353 3600.0 3600.0 7.47699051554
8451.29860974 6511.27736083 5708.97585293 177.328380989 3500.0 3500.0 8.45716742346
8454.46152061 6511.26757666 5709.07029031 177.522761451 3500.0 3500.0 8.46973379408
8246.96146681 6565.61876825 5709.0716507 168.846119868 3600.0 3600.0 7.48955688616
8457.62481293 6511.25779741 5709.16451653 177.716987122 3500.0 3500.0 8.48230016469
8250.07121701 6565.60765636 5709.19450689 169.062315734 3600.0 3600.0 7.50212325677
8460.7884858 6511.24802306 5709.25853227 177.911058174 3500.0 3500.0 8.49486653531
8253.18145168 6565.59655014 5709.31707187 169.27833615 3600.0 3600.0 7.51468962739
8256.29216963 6565.58544959 5709.4393466 169.494181312 3600.0 3600.0 7.527255998
8259.40336963 6565.5743547 5709.56133207 169.70985142 3600.0 3600.0 7.53982236862
8262.51505052 6565.56326548 5709.68302926 169.92534667 3600.0 3600.0 7.55238873923
8265.62721108 6565.5521819 5709.80443915 170.140667259 3600.0 3600.0 7.56495510984
8268.73985015 6565.54110398 5709.9255627 170.355813385 3600.0 3600.0 7.57752148046
8271.85296653 6565.53003171 5710.04640087 170.570785244 3600.0 3600.0 7.59008785107
8274.96655905 6565.51896507 5710.16695464 170.785583033 3600.0 3600.0 7.60265422169
8278.08062654 6565.50790407 5710.28722496 171.000206948 3600.0 3600.0 7.6152205923
8281.19516783 6565.49684871 5710.40721277 171.214657184 3600.0 3600.0 7.62778696292
8284.31018176 6565.48579898 5710.52691903 171.428933937 3600.0 3600.0 7.64035333353
8287.42566716 6565.47475487 5710.64634469 171.643037403 3600.0 3600.0 7.65291970414
8290.54162289 6565.46371638 5710.76549069 171.856967776 3600.0 3600.0 7.66548607476
8293.65804779 6565.4526835 5710.88435795 172.070725251 3600.0 3600.0 7.67805244537
8296.77494072 6565.44165624 5711.00294742 172.284310023 3600.0 3600.0 7.69061881599
8299.89230053 6565.43063459 5711.12126003 172.497722286 3600.0 3600.0 7.7031851866
8303.01012609 6565.41961854 5711.2392967 172.710962234 3600.0 3600.0 7.71575155722
8306.12841626 6565.40860809 5711.35705834 172.924030061 3600.0 3600.0 7.72831792783
8309.24716992 6565.39760323 5711.47454589 173.136925959 3600.0 3600.0 7.74088429845
8312.36638593 6565.38660396 5711.59176024 173.349650123 3600.0 3600.0 7.75345066906
8315.48606318 6565.37561028 5711.70870232 173.562202746 3600.0 3600.0 7.76601703967
8318.60620055 6565.36462219 5711.82537302 173.774584019 3600.0 3600.0 7.77858341029
8321.72679694 6565.35363967 5711.94177325 173.986794135 3600.0 3600.0 7.7911497809
8324.84785122 6565.34266272 5712.05790391 174.198833286 3600.0 3600.0 7.80371615152
8327.96936229 6565.33169135 5712.17376588 174.410701665 3600.0 3600.0 7.81628252213
8331.09132907 6565.32072553 5712.28936007 174.622399462 3600.0 3600.0 7.82884889275
8181.3584632 6620.64043064 5712.34528755 168.025359743 3700.0 3700.0 7.06230028527
8334.21375044 6565.30976528 5712.40468736 174.833926869 3600.0 3600.0 7.84141526336
8184.42875398 6620.6281228 5712.48950915 168.257257134 3700.0 3700.0 7.07486665588
8337.33662531 6565.29881059 5712.51974862 175.045284078 3600.0 3600.0 7.85398163397
8187.49959953 6620.61582129 5712.63338456 168.488965463 3700.0 3700.0 7.0874330265
8340.45995261 6565.28786145 5712.63454475 175.256471278 3600.0 3600.0 7.86654800459
8343.58373123 6565.27691786 5712.74907661 175.467488661 3600.0 3600.0 7.8791143752
8190.57099843 6620.60352609 5712.77691493 168.720484942 3700.0 3700.0 7.09999939711
8346.70796011 6565.26597981 5712.86334508 175.678336417 3600.0 3600.0 7.89168074582
8193.64294927 6620.59123719 5712.92010146 168.951815786 3700.0 3700.0 7.11256576773
8349.83263817 6565.2550473 5712.97735102 175.889014735 3600.0 3600.0 7.90424711643
8196.71545065 6620.57895461 5713.06294529 169.182958205 3700.0 3700.0 7.12513213834
8352.95776433 6565.24412033 5713.0910953 176.099523806 3600.0 3600.0 7.91681348705
8356.08333753 6565.23319888 5713.20457878 176.309863819 3600.0 3600.0 7.92937985766
8199.78850118 6620.56667832 5713.20544761 169.413912412 3700.0 3700.0 7.13769850896
8359.2093567 6565.22228297 5713.31780233 176.520034963 3600.0 3600.0 7.94194622828
8202.86209947 6620.55440832 5713.34760955 169.644678619 3700.0 3700.0 7.15026487957
8362.33582078 6565.21137258 5713.43076678 176.730037428 3600.0 3600.0 7.95451259889
8205.93624413 6620.54214462 5713.48943229 169.875257038 3700.0 3700.0 7.16283125018
8365.46272871 6565.20046771 5713.54347299 176.939871401 3600.0 3600.0 7.9670789695
8209.01093378 6620.5298872 5713.63091695 170.105647879 3700.0 3700.0 7.1753976208
8368.59007944 6565.18956835 5713.65592182 177.149537072 3600.0 3600.0 7.97964534012
8371.71787192 6565.1786745 5713.76811409 177.359034628 3600.0 3600.0 7.99221171073
8212.08616705 6620.51763606 5713.77206469 170.335851354 3700.0 3700.0 7.18796399141
8374.84610511 6565.16778617 5713.88005066 177.568364258 3600.0 3600.0 8.00477808135
8215.16194257 6620.50539119 5713.91287664 170.565867674 3700.0 3700.0 7.20053036203
8377.97477796 6565.15690333 5713.99173235 177.777526149 3600.0 3600.0 8.01734445196
8218.23825897 6620.4931526 5714.05335394 170.795697048 3700.0 3700.0 7.21309673264
8381.10388943 6565.14602599 5714.10316001 177.986520488 3600.0 3600.0 8.02991082258
8221.31511491 6620.48092027 5714.19349772 171.025339688 3700.0 3700.0 7.22566310326
8224.39250901 6620.4686942 5714.33330909 171.254795802 3700.0 3700.0 7.23822947387
8227.47043994 6620.45647439 5714.47278918 171.4840656 3700.0 3700.0 7.25079584449
8438.3236301 7764.02661189 5714.47523792 168.163404767 5500.0 5500.0 3.87044214922
8230.54890635 6620.44426083 5714.6119391 171.713149293 3700.0 3700.0 7.2633622151
8233.6279069 6620.43205352 5714.75075995 171.942047087 3700.0 3700.0 7.27592858571
8236.70744026 6620.41985245 5714.88925286 172.170759194 3700.0 3700.0 7.28849495633
8440.69064711 7763.98429447 5715.01920681 168.646944341 5500.0 5500.0 3.88300851984
8239.7875051 6620.40765761 5715.0274189 172.399285819 3700.0 3700.0 7.30106132694
8242.86810009 6620.39546901 5715.16525918 172.627627173 3700.0 3700.0 7.31362769756
8245.94922392 6620.38328664 5715.30277479 172.855783463 3700.0 3700.0 7.32619406817
8249.03087528 6620.37111049 5715.43996682 173.083754895 3700.0 3700.0 7.33876043879
8140.23718729 6676.65330568 5715.54654853 168.051451806 3800.0 3800.0 6.72300827868
8443.05892747 7763.94199864 5715.56233052 169.130116995 5500.0 5500.0 3.89557489045
8252.11305284 6620.35894055 5715.57683634 173.311541679 3700.0 3700.0 7.3513268094
8143.26858879 6676.63976491 5715.71225899 168.298353014 3800.0 3800.0 6.7355746493
8255.19575532 6620.34677683 5715.71338444 173.53914402 3700.0 3700.0 7.36389318001
8258.27898141 6620.33461932 5715.84961218 173.766562125 3700.0 3700.0 7.37645955063
8146.30061216 6676.62623112 5715.87757044 168.545052529 3800.0 3800.0 6.74814101991
8261.36272981 6620.32246801 5715.98552063 173.9937962 3700.0 3700.0 7.38902592124
8391.08975126 7693.98232473 5716.04057391 168.193095805 5400.0 5400.0 3.95840674352
8149.33325579 6676.6127043 5716.04248422 168.791550578 3800.0 3800.0 6.76070739053
8445.42846944 7763.89972439 5716.10461041 169.612923067 5500.0 5500.0 3.90814126107
8264.44699924 6620.3103229 5716.12111086 174.220846453 3700.0 3700.0 7.40159229186
8152.36651809 6676.59918445 5716.20700168 169.037847386 3800.0 3800.0 6.77327376114
8267.53178841 6620.29818399 5716.25638393 174.447713089 3700.0 3700.0 7.41415866247
8155.40039748 6676.58567157 5716.37112416 169.28394318 3800.0 3800.0 6.78584013175
8270.61709604 6620.28605127 5716.39134088 174.674396312 3700.0 3700.0 7.42672503309
8273.70292086 6620.27392473 5716.52598278 174.90089633 3700.0 3700.0 7.4392914037
8158.43489238 6676.57216563 5716.53485298 169.529838185 3800.0 3800.0 6.79840650237
8393.49001444 7693.94203685 5716.56704025 168.664140461 5400.0 5400.0 3.97097311414
8447.79927128 7763.8574717 5716.64604783 170.095362894 5500.0 5500.0 3.92070763168
8276.78926159 6620.26180437 5716.66031066 175.127213346 3700.0 3700.0 7.45185777431
8161.47000122 6676.55866666 5716.69818947 169.775532626 3800.0 3800.0 6.81097287298
8279.87611698 6620.24969018 5716.79432556 175.353347566 3700.0 3700.0 7.46442414493
8164.50572242 6676.54517463 5716.86113496 170.021026727 3800.0 3800.0 6.8235392436
8282.96348574 6620.23758217 5716.92802853 175.579299193 3700.0 3700.0 7.47699051554
8167.54205442 6676.53168953 5717.02369076 170.266320714 3800.0 3800.0 6.83610561421
8286.05136664 6620.22548032 5717.0614206 175.805068433 3700.0 3700.0 7.48955688616
8395.89153748 7693.90176958 5717.09265623 169.134825124 5400.0 5400.0 3.98353948475
8170.57899567 6676.51821138 5717.18585817 170.511414809 3800.0 3800.0 6.84867198483
8450.17133123 7763.81524055 5717.18664414 170.577436814 5500.0 5500.0 3.93327400229
8289.13975842 6620.21338464 5717.19450279 176.030655489 3700.0 3700.0 7.50212325677
8345.05295576 7624.61628341 5717.31331647 168.013227 5300.0 5300.0 4.04637133782
8292.22865983 6620.20129511 5717.32727613 176.256060565 3700.0 3700.0 7.51468962739
8173.61654461 6676.50474016 5717.3476385 170.756309238 3800.0 3800.0 6.86123835544
8295.31806962 6620.18921173 5717.45974163 176.481283864 3700.0 3700.0 7.527255998
8176.65469971 6676.49127586 5717.50903306 171.001004223 3800.0 3800.0 6.87380472605
8298.40798657 6620.1771345 5717.59190032 176.706325589 3700.0 3700.0 7.53982236862
8398.29431854 7693.86152292 5717.6174233 169.60515013 5400.0 5400.0 3.99610585537
8179.69345943 6676.47781848 5717.67004312 171.245499989 3800.0 3800.0 6.88637109667
8301.49840943 6620.16506341 5717.7237532 176.931185943 3700.0 3700.0 7.55238873923
8452.54464756 7763.77303093 5717.72640069 171.059145164 5500.0 5500.0 3.94584037291
8347.48691243 7624.57798288 5717.82183126 168.471727823 5300.0 5300.0 4.05893770844
8182.73282222 6676.46436802 5717.83066999 171.489796757 3800.0 3800.0 6.89893746728
8304.58933698 6620.15299846 5717.85530128 177.155865129 3700.0 3700.0 7.56495510984
8307.68076799 6620.14093965 5717.98654557 177.380363348 3700.0 3700.0 7.57752148046
8185.77278656 6676.45092446 5717.99091494 171.73389475 3800.0 3800.0 6.9115038379
8310.77270124 6620.12888696 5718.11748706 177.604680804 3700.0 3700.0 7.59008785107
8400.69835577 7693.82129684 5718.14134293 170.075115816 5400.0 5400.0 4.00867222598
8188.81335094 6676.43748781 5718.15077926 171.977794192 3800.0 3800.0 6.92407020851
8313.86513551 6620.1168404 5718.24812674 177.828817697 3700.0 3700.0 7.60265422169
8454.91921853 7763.73084282 5718.26531883 171.54048828 5500.0 5500.0 3.95840674352
8110.92157022 6733.67017436 5718.27569427 168.165896322 3900.0 3900.0 6.42141538394
8191.85451383 6676.42405806 5718.3102642 172.221495303 3800.0 3800.0 6.93663657913
8349.92212309 7624.539702 5718.32949272 168.929875762 5300.0 5300.0 4.07150407905
8113.91321296 6733.65534492 5718.46380753 168.427693298 3900.0 3900.0 6.43398175455
8194.89627372 6676.4106352 5718.46937105 172.464998306 3800.0 3800.0 6.94920294974
8197.93862911 6676.39721923 5718.62810105 172.708303422 3800.0 3800.0 6.96176932035
8116.90554443 6733.64052314 5718.6514689 168.689276274 3900.0 3900.0 6.44654812517
8403.10364733 7693.78109133 5718.66441657 170.544722517 5400.0 5400.0 4.02123859659
8302.71098536 7555.90909663 5718.7719146 168.068433032 5200.0 5200.0 4.14690230274
8200.98157851 6676.38381014 5718.78645548 172.951410872 3800.0 3800.0 6.97433569097
8457.29504239 7763.6886762 5718.80339992 172.0214665 5500.0 5500.0 3.97097311414
8352.3585858 7624.50144076 5718.83630239 169.387671153 5300.0 5300.0 4.08407044967
8119.89856288 6733.62570903 5718.83867988 168.950645487 3900.0 3900.0 6.45911449578
8204.0251204 6676.37040793 5718.94443557 173.194320877 3800.0 3800.0 6.98690206158
8122.89226653 6733.61090256 5719.02544196 169.211801176 3900.0 3900.0 6.47168086639
8207.06925332 6676.3570126 5719.10204257 173.437033659 3800.0 3800.0 6.9994684322
8405.51019138 7693.74090638 5719.18664568 171.01397057 5400.0 5400.0 4.03380496721
8125.88665362 6733.59610375 5719.21175665 169.472743579 3900.0 3900.0 6.48424723701
8210.11397577 6676.34362413 5719.25927772 173.679549436 3800.0 3800.0 7.01203480281
8305.18028904 7555.8727587 5719.26120551 168.514002274 5200.0 5200.0 4.15946867335
8459.6721174 7763.64653107 5719.34064532 172.502080158 5500.0 5500.0 3.98353948475
8354.79629862 7624.46319915 5719.34226184 169.845114329 5300.0 5300.0 4.09663682028
8128.88172241 6733.58131258 5719.39762544 169.733472935 3900.0 3900.0 6.49681360762
8213.15928627 6676.33024252 5719.41614227 173.921868429 3800.0 3800.0 7.02460117343
8216.20518336 6676.31686777 5719.57263743 174.163990857 3800.0 3800.0 7.03716754404
8131.87747113 6733.56652904 5719.58304981 169.993989479 3900.0 3900.0 6.50937997824
8407.91798608 7693.70074197 5719.70803171 171.482860309 5400.0 5400.0 4.04637133782
8219.25166557 6676.30349987 5719.72876444 174.405916941 3800.0 3800.0 7.04973391466
8307.65083628 7555.83643946 5719.74964411 168.959226255 5200.0 5200.0 4.17203504397
8134.87389807 6733.55175313 5719.76803124 170.254293451 3900.0 3900.0 6.52194634885
8357.2352596 7624.42497715 5719.84737263 170.302205626 5300.0 5300.0 4.1092031909
8462.05044183 7763.60440739 5719.87705636 172.982329592 5500.0 5500.0 3.99610585537
8222.29873143 6676.29013881 5719.88452451 174.647646898 3800.0 3800.0 7.06230028527
8137.87100147 6733.53698485 5719.95257119 170.514385085 3900.0 3900.0 6.53451271947
8225.3463795 6676.2767846 5720.03991886 174.889180949 3800.0 3800.0 7.07486665588
8140.86877963 6733.52222419 5720.13667114 170.77426462 3900.0 3900.0 6.54707909008
8228.39460832 6676.26343722 5720.1949487 175.130519311 3800.0 3800.0 7.0874330265
8410.32702958 7693.66059809 5720.22857612 171.95139207 5400.0 5400.0 4.05893770844
8310.12262505 7555.80013891 5720.23723206 169.404105307 5200.0 5200.0 4.18460141458
8143.8672308 6733.50747114 5720.32033255 171.033932291 3900.0 3900.0 6.5596454607
8264.20044912 7487.88392946 5720.34616457 168.318843242 5100.0 5100.0 4.25999963827
8231.44341644 6676.25009668 5720.34961523 175.371662202 3800.0 3800.0 7.09999939711
8359.67546681 7624.38677475 5720.35163631 170.758945377 5300.0 5300.0 4.12176956151
8464.43001395 7763.56230517 5720.4126344 173.462215136 5500.0 5500.0 4.00867222598
8090.18289309 6791.67481895 5720.44569733 168.204920149 4000.0 4000.0 6.14495523042
8146.86635329 6733.4927257 5720.50355687 171.293388333 3900.0 3900.0 6.57221183131
8234.49280243 6676.23676295 5720.50391966 175.612609841 3800.0 3800.0 7.11256576773
8093.13373304 6791.65864143 5720.65717977 168.481615465 4000.0 4000.0 6.15752160104
8237.54276484 6676.22343605 5720.65786318 175.853362446 3800.0 3800.0 7.12513213834
8149.86614538 6733.47798786 5720.68634555 171.552632984 3900.0 3900.0 6.58477820192
8312.59565331 7555.76385703 5720.72397102 169.848639763 5200.0 5200.0 4.1971677852
8412.73732006 7693.62047471 5720.74828035 172.419566187 5400.0 5400.0 4.07150407905
8240.59330226 6676.21011597 5720.81144697 176.093920232 3800.0 3800.0 7.13769850896
8266.70666886 7487.84952531 5720.81500588 168.751123726 5100.0 5100.0 4.27256600888
8362.11691831 7624.34859194 5720.85505443 171.215333916 5300.0 5300.0 4.13433593212
8096.08532829 6791.64247229 5720.86815756 168.758084673 4000.0 4000.0 6.17008797165
8152.86660537 6733.46325761 5720.86870002 171.811666477 3900.0 3900.0 6.59734457254
8466.81083201 7763.52022437 5720.94738078 173.941737125 5500.0 5500.0 4.02123859659
8243.64441326 6676.19680269 5720.96467224 176.334283419 3800.0 3800.0 7.15026487957
8155.86773157 6733.44853496 5721.05062173 172.070489048 3900.0 3900.0 6.60991094315
8099.0376769 6791.62631152 5721.07863238 169.034328025 4000.0 4000.0 6.18265434226
8246.69609642 6676.18349621 5721.11754014 176.574452221 3800.0 3800.0 7.16283125018
8315.06991902 7555.7275938 5721.20986264 170.292829955 5200.0 5200.0 4.20973415581
8158.86952228 6733.43381988 5721.23211211 172.329100931 3900.0 3900.0 6.62247731377
8415.14885568 7693.58037183 5721.26714586 172.887382995 5400.0 5400.0 4.08407044967
8249.74835032 6676.17019654 5721.27005187 176.814426856 3800.0 3800.0 7.1753976208
8269.21411678 7487.8151389 5721.28300034 169.183067073 5100.0 5100.0 4.2851323795
8101.99077695 6791.61015913 5721.28860585 169.31034577 4000.0 4000.0 6.19522071288
8364.55961217 7624.31042869 5721.35762856 171.671371577 5300.0 5300.0 4.14690230274
8161.87197583 6733.41911239 5721.41317258 172.587502361 3900.0 3900.0 6.63504368438
8252.80117355 6676.15690366 5721.42220859 177.05420754 3800.0 3800.0 7.18796399141
8469.19289428 7763.47816499 5721.48129686 174.420895895 5500.0 5500.0 4.03380496721
8104.94462652 6791.5940151 5721.49807964 169.586138159 4000.0 4000.0 6.20778708349
8227.11959525 7420.59668716 5721.51370633 168.30484402 5000.0 5000.0 4.3730969738
8255.85456472 6676.14361757 5721.57401147 177.293794489 3800.0 3800.0 7.20053036203
8164.87509053 6733.40441247 5721.59380457 172.845693572 3900.0 3900.0 6.647610055
8317.54542015 7555.69134922 5721.69490857 170.736676215 5200.0 5200.0 4.22230052642
8107.89922371 6791.57787943 5721.70705537 169.86170544 4000.0 4000.0 6.22035345411
8258.90852242 6676.13033826 5721.72546167 177.533187919 3800.0 3800.0 7.21309673264
8271.72279074 7487.78077022 5721.75014971 169.614673611 5100.0 5100.0 4.29769875011
8167.87886472 6733.38972011 5721.77400947 173.103674798 3900.0 3900.0 6.66017642561
8417.56163461 7693.54028942 5721.78517409 173.354842829 5400.0 5400.0 4.09663682028
8367.00354645 7624.272285 5721.85936023 172.127058692 5300.0 5300.0 4.15946867335
8261.96304527 6676.11706573 5721.87656034 177.772388044 3800.0 3800.0 7.22566310326
8110.8545666 6791.5617521 5721.91553467 170.137047863 4000.0 4000.0 6.23291982472
8170.88329673 6733.37503531 5721.95378871 173.361446272 3900.0 3900.0 6.67274279622
8229.66297599 7420.5641672 5721.96178492 168.723840396 5000.0 5000.0 4.38566334441
8471.57619904 7763.43612701 5722.01438399 174.899691781 5500.0 5500.0 4.04637133782
8113.8106533 6791.54563312 5722.12351916 170.412165678 4000.0 4000.0 6.24548619534
8173.8883849 6733.36035807 5722.13314368 173.619008226 3900.0 3900.0 6.68530916684
8077.83602125 6850.6384074 5722.13559407 168.240781832 4100.0 4100.0 5.89362781813
8320.02215468 7555.65512326 5722.17911046 171.180178873 5200.0 5200.0 4.23486689704
8274.23268862 7487.74641926 5722.21645572 170.045943671 5100.0 5100.0 4.31026512073
8191.49838236 7354.06540905 5722.26255262 168.026082486 4900.0 4900.0 4.48619430933
8419.97565502 7693.50022748 5722.30236649 173.821946022 5400.0 5400.0 4.1092031909
8176.89412757 6733.34568838 5722.31207578 173.876360895 3900.0 3900.0 6.69787553745
8116.76748191 6791.52952248 5722.33101047 170.687059132 4000.0 4000.0 6.25805256595
8369.44871923 7624.23416085 5722.360251 172.582395594 5300.0 5300.0 4.17203504397
8080.7454457 6850.62082558 5722.3710695 168.532298092 4100.0 4100.0 5.90619418875
8232.2075664 7420.53166404 5722.40902508 169.142507918 5000.0 5000.0 4.39822971503
8179.90052311 6733.33102623 5722.4905864 174.133504509 3900.0 3900.0 6.71044190807
8119.72505057 6791.51342017 5722.53801019 170.961728474 4000.0 4000.0 6.27061893657
8473.96074454 7763.39411041 5722.5466435 175.378125116 5500.0 5500.0 4.05893770844
8083.65569012 6850.60325288 5722.60598919 168.823576433 4100.0 4100.0 5.91876055936
8322.50012059 7555.61891591 5722.66246996 171.62333826 5200.0 5200.0 4.24743326765
8182.90756987 6733.31637162 5722.66867692 174.390439303 3900.0 3900.0 6.72300827868
8276.7438083 7487.712086 5722.68192013 170.47687758 5100.0 5100.0 4.32283149134
8194.07909442 7354.0347226 5722.68961913 168.431808393 4900.0 4900.0 4.49876067994
8122.68335737 6791.49732618 5722.74451994 171.236173951 4000.0 4000.0 6.28318530718
8422.39091507 7693.46018599 5722.81872451 174.288692907 5400.0 5400.0 4.12176956151
8086.56675242 6850.58568929 5722.84035491 169.114617116 4100.0 4100.0 5.93132692998
8185.91526622 6733.30172453 5722.84634873 174.647165507 3900.0 3900.0 6.7355746493
8234.75336428 7420.49917768 5722.85542866 169.56084691 5000.0 5000.0 4.41079608564
8371.89512858 7624.19605622 5722.86030242 173.037382615 5300.0 5300.0 4.18460141458
8125.64240046 6791.48124051 5722.95054131 171.510395812 4000.0 4000.0 6.29575167779
8188.92361052 6733.28708498 5723.02360319 174.903683352 3900.0 3900.0 6.74814101991
8089.47863054 6850.56813483 5723.07416843 169.405420403 4100.0 4100.0 5.94389330059
8476.34652907 7763.35211517 5723.07807674 175.856196235 5500.0 5500.0 4.07150407905
8196.66099451 7354.00405204 5723.11585867 168.837213879 4900.0 4900.0 4.51132705055
8324.97931584 7555.58272717 5723.14498871 172.066154708 5200.0 5200.0 4.25999963827
8279.25614768 7487.67777043 5723.14654468 170.907475668 5100.0 5100.0 4.33539786195
8128.60217798 6791.46516316 5723.15607588 171.784394303 4000.0 4000.0 6.30831804841
8070.80614452 6910.5508766 5723.18308945 168.042376486 4200.0 4200.0 5.65486677646
8191.93260115 6733.27245294 5723.20044168 175.159993071 3900.0 3900.0 6.76070739053
8237.30036744 7420.46670809 5723.30099748 169.978857698 5000.0 5000.0 4.42336245625
8092.39132243 6850.55058946 5723.30743153 169.695986554 4100.0 4100.0 5.95645967121
8424.80741295 7693.42016493 5723.33424959 174.755083818 5400.0 5400.0 4.13433593212
8374.34277257 7624.1579711 5723.35951602 173.492020089 5300.0 5300.0 4.1971677852
8131.56268805 6791.44909411 5723.36112526 172.058169672 4000.0 4000.0 6.32088441902
8194.9422365 6733.25782842 5723.37686556 175.416094894 3900.0 3900.0 6.77327376114
8162.60297614 7288.2508012 5723.39286259 168.267289105 4800.0 4800.0 4.62442438608
8073.67311927 6910.53182803 5723.44341527 168.348805776 4200.0 4200.0 5.66743314708
8095.30482604 6850.5330532 5723.54014596 169.986315829 4100.0 4100.0 5.96902604182
8199.24408035 7353.97339736 5723.54127315 169.242299265 4900.0 4900.0 4.52389342117
8197.95251496 6733.24321141 5723.55287618 175.671989052 3900.0 3900.0 6.78584013175
8134.52392884 6791.43303335 5723.565691 172.331722165 4000.0 4000.0 6.33345078964
8478.73355088 7763.31014129 5723.60868505 176.333905472 5500.0 5500.0 4.08407044967
8281.76970463 7487.64347253 5723.6103311 171.337738263 5100.0 5100.0 4.34796423257
8327.45973842 7555.54655701 5723.62666836 172.508628547 5200.0 5200.0 4.27256600888
8076.54097741 6910.51278936 5723.70313539 168.654985445 4200.0 4200.0 5.67999951769
8200.96343491 6733.2286019 5723.7284749 175.927675775 3900.0 3900.0 6.79840650237
8239.84857366 7420.43425528 5723.74573337 170.396540608 5000.0 5000.0 4.43592882687
8137.4858985 6791.41698089 5723.76977469 172.605052029 4000.0 4000.0 6.34601716025
8098.21913931 6850.51552602 5723.77231349 170.27640849 4100.0 4100.0 5.98159241243
8165.22343327 7288.22192655 5723.79711422 168.659144173 4800.0 4800.0 4.6369907567
8427.22514682 7693.38016429 5723.84894318 175.221119088 5400.0 5400.0 4.14690230274
8376.79164929 7624.11990548 5723.85789335 173.946308345 5300.0 5300.0 4.20973415581
8203.97499476 6733.21399988 5723.90366306 176.183155293 3900.0 3900.0 6.81097287298
8079.40971674 6910.49376059 5723.9622517 168.960915765 4200.0 4200.0 5.6925658883
8201.82834967 7353.94275855 5723.96586447 169.647064873 4900.0 4900.0 4.53645979178
8140.44859519 6791.40093672 5723.9733779 172.878159509 4000.0 4000.0 6.35858353087
8135.37739455 7223.23659682 5723.99602068 168.190322121 4700.0 4700.0 4.76265446284
8101.13426023 6850.49800793 5724.00393584 170.566264796 4100.0 4100.0 5.99415878305
8284.28447704 7487.6091923 5724.07328113 171.767665691 5100.0 5100.0 4.36053060318
8206.98719292 6733.19940536 5724.078442 176.438427836 3900.0 3900.0 6.8235392436
8329.94138632 7555.51040542 5724.10751055 172.950760106 5200.0 5200.0 4.2851323795
8481.12180827 7763.26818874 5724.13846979 176.81125316 5500.0 5500.0 4.09663682028
8143.41201707 6791.38490083 5724.17650217 173.151044852 4000.0 4000.0 6.37114990148
8242.39798076 7420.40181922 5724.18963815 170.813895964 5000.0 5000.0 4.44849519748
8074.64250301 6971.34627225 5724.19817252 168.28560404 4300.0 4300.0 5.45380484663
8167.84504895 7288.19306689 5724.20055732 169.05068803 4800.0 4800.0 4.64955712731
8082.27933507 6910.4747417 5724.22076609 169.266597006 4200.0 4200.0 5.70513225892
8104.05018675 6850.48049892 5724.23501478 170.855885007 4100.0 4100.0 6.00672515366
8210.0000278 6733.18481832 5724.25281307 176.693493633 3900.0 3900.0 6.83610561421
8379.2417568 7624.08185933 5724.35543595 174.400247717 5300.0 5300.0 4.22230052642
8429.64411486 7693.34018404 5724.36280671 175.68679905 5400.0 5400.0 4.15946867335
8138.03747873 7223.20947779 5724.37743072 168.568375163 4700.0 4700.0 4.77522083346
8146.37616233 6791.36887321 5724.37914907 173.423708301 4000.0 4000.0 6.38371627209
8204.41380021 7353.91213559 5724.38963452 170.051511024 4900.0 4900.0 4.5490261624
8112.54576031 7159.01648422 5724.42306999 168.160937514 4600.0 4600.0 4.91345091021
8213.01349781 6733.17023876 5724.42677758 176.948352914 3900.0 3900.0 6.84867198483
8080.629776 7033.05684504 5724.45155934 168.086702502 4400.0 4400.0 5.2527429168
8106.96691686 6850.46299897 5724.46555203 171.145269381 4100.0 4100.0 6.01929152428
8085.14983024 6910.45573269 5724.47868042 169.572029441 4200.0 4200.0 5.71769862953
8077.46817502 6971.32571768 5724.48265698 168.606470971 4300.0 4300.0 5.46637121725
8286.80046282 7487.57492971 5724.5353965 172.197258282 5100.0 5100.0 4.3730969738
8149.34102915 6791.35285385 5724.58132014 173.696150104 4000.0 4000.0 6.39628264271
8332.42425751 7555.47427239 5724.58751691 173.392549715 5200.0 5200.0 4.29769875011
8094.25025458 7095.61500339 5724.59900483 168.139439523 4500.0 4500.0 5.0768137282
8216.02760137 6733.15566668 5724.60033686 177.203005907 3900.0 3900.0 6.86123835544
8170.46782086 7288.16422218 5724.60319385 169.441920993 4800.0 4800.0 4.66212349793
8244.94858656 7420.3693999 5724.63271365 171.230924091 5000.0 5000.0 4.4610615681
8483.51129949 7763.22625751 5724.66743228 177.288239632 5500.0 5500.0 4.1092031909
8109.88444854 6850.44550809 5724.69554932 171.434418177 4100.0 4100.0 6.03185789489
8088.02120007 6910.43673355 5724.73599658 169.877213341 4200.0 4200.0 5.73026500015
8140.69868867 7223.18237285 5724.75805388 168.946126319 4700.0 4700.0 4.78778720407
8083.41294188 7033.03471768 5724.76107843 168.422235508 4400.0 4400.0 5.26530928742
8080.29478694 6971.30517381 5724.76649194 168.927077305 4300.0 4300.0 5.47893758786
8219.04233693 6733.14110206 5724.77349224 177.457452841 3900.0 3900.0 6.87380472605
8115.24633339 7158.99107707 5724.78094728 168.524975654 4600.0 4600.0 4.92601728083
8152.30661571 6791.33684276 5724.78301693 173.968370504 4000.0 4000.0 6.40884901332
8207.00042971 7353.88152848 5724.81258522 170.455638038 4900.0 4900.0 4.56159253301
8381.69309319 7624.04383265 5724.85214537 174.853838536 5300.0 5300.0 4.23486689704
8432.06431525 7693.30022419 5724.87584163 176.152124036 5400.0 5400.0 4.17203504397
8112.80277979 6850.42802627 5724.92500837 171.723331655 4100.0 4100.0 6.04442426551
8096.99194184 7095.59126113 5724.93284767 168.489290342 4500.0 4500.0 5.08938009882
8222.0577029 6733.12654491 5724.94624503 177.711693944 3900.0 3900.0 6.88637109667
8155.27292021 6791.32083992 5724.98424096 174.240369745 4000.0 4000.0 6.42141538394
8090.8934424 6910.41774428 5724.99271642 170.182148975 4200.0 4200.0 5.74283137076
8289.31765986 7487.54068476 5724.99667895 172.626516361 5100.0 5100.0 4.38566334441
8173.09174667 7288.13539243 5725.00502577 169.832843378 4800.0 4800.0 4.67468986854
8083.1223365 6971.28464061 5725.04967936 169.247423322 4300.0 4300.0 5.49150395847
8334.90834999 7555.4381579 5725.06668908 173.833997704 5200.0 5200.0 4.31026512073
8086.19710293 7033.01260182 5725.06990559 168.757496902 4400.0 4400.0 5.27787565803
8247.50038886 7420.33699731 5725.07496168 171.647625313 5000.0 5000.0 4.47362793871
8225.07369773 6733.11199521 5725.11859653 177.965729444 3900.0 3900.0 6.89893746728
8143.361022 7223.15528198 5725.1378922 169.3235759 4700.0 4700.0 4.80035357469
8117.94799389 7158.96568313 5725.13806451 168.888721637 4600.0 4600.0 4.93858365144
8115.72190859 6850.41055349 5725.1539309 172.012010072 4100.0 4100.0 6.05699063612
8158.23994086 6791.30484533 5725.18499377 174.512148072 4000.0 4000.0 6.43398175455
8485.90202283 7763.18434758 5725.19557387 177.764865222 5500.0 5500.0 4.12176956151
8209.5882359 7353.85093719 5725.23471846 170.859446237 4900.0 4900.0 4.57415890363
8093.76655508 6910.39876486 5725.24884179 170.486836615 4200.0 4200.0 5.75539774138
8099.73467286 7095.56753123 5725.26596219 168.838859107 4500.0 4500.0 5.10194646943
8085.95082143 6971.26411808 5725.3322212 169.567509304 4300.0 4300.0 5.50407032909
8384.14565655 7624.00582542 5725.34802313 175.307081131 5300.0 5300.0 4.24743326765
8088.9822568 7032.99049747 5725.37804283 169.092486972 4400.0 4400.0 5.29044202865
8118.64183297 6850.39308976 5725.38231861 172.300453687 4100.0 4100.0 6.06955700674
8161.20767584 6791.28885898 5725.38527688 174.783705728 4000.0 4000.0 6.44654812517
8434.48574618 7693.2602847 5725.38804937 176.617094378 5400.0 5400.0 4.18460141458
8175.71682407 7288.10657761 5725.40605505 170.223455502 4800.0 4800.0 4.68725623916
8291.83606606 7487.50645743 5725.45713019 173.055440256 5100.0 5100.0 4.39822971503
8120.65073945 7158.94030238 5725.49442371 169.252175769 4600.0 4600.0 4.95115002206
8096.64053595 6910.37979528 5725.50437455 170.791276531 4200.0 4200.0 5.76796411199
8250.05338549 7420.30461145 5725.51638406 172.063999954 5000.0 5000.0 4.48619430933
8146.02447638 7223.12820517 5725.51694767 169.700724216 4700.0 4700.0 4.8129199453
8337.39366174 7555.40206194 5725.54502869 174.275104401 5200.0 5200.0 4.32283149134
8164.17612339 6791.27288087 5725.58509181 175.055042958 4000.0 4000.0 6.45911449578
8102.47844528 7095.54381366 5725.59835045 169.188146118 4500.0 4500.0 5.11451284004
8121.56255093 6850.37563506 5725.61017321 172.588662756 4100.0 4100.0 6.08212337735
8088.78023946 6971.24360622 5725.61411941 169.887335532 4300.0 4300.0 5.5166366997
8212.17721653 7353.82036173 5725.65603612 171.262935941 4900.0 4900.0 4.58672527424
8091.76840117 7032.96840461 5725.68549217 169.427206009 4400.0 4400.0 5.30300839926
8099.51538288 6910.36083555 5725.75931653 171.095468992 4200.0 4200.0 5.78053048261
8167.14528172 6791.25691098 5725.78444007 175.326160004 4000.0 4000.0 6.47168086639
8178.34305075 7288.07777773 5725.80628364 170.613757681 4800.0 4800.0 4.69982260977
8124.48406049 6850.35818939 5725.83749638 172.876637537 4100.0 4100.0 6.09468974796
8386.59944496 7623.96783763 5725.84307078 175.759975835 5300.0 5300.0 4.25999963827
8123.35456768 7158.91493483 5725.85002691 169.615338355 4600.0 4600.0 4.96371639267
8148.68904945 7223.10114241 5725.89522229 170.077571578 4700.0 4700.0 4.82548631591
8091.61058835 6971.22310502 5725.89537592 170.206902285 4300.0 4300.0 5.52920307032
8436.90840581 7693.22036557 5725.89943137 177.081710408 5400.0 5400.0 4.1971677852
8294.35567933 7487.47224771 5725.91675196 173.484030293 5100.0 5100.0 4.41079608564
8105.22325673 7095.52010842 5725.93001448 169.537151671 4500.0 4500.0 5.12707921066
8252.60757426 7420.27224228 5725.95698259 172.480048338 5000.0 5000.0 4.49876067994
8170.11514905 6791.24094932 5725.98332317 175.597057108 4000.0 4000.0 6.48424723701
8094.55553371 7032.94632324 5725.9922556 169.761654301 4400.0 4400.0 5.31557476987
8102.39109373 6910.34188565 5726.01366957 171.399414267 4200.0 4200.0 5.79309685322
8339.88019076 7555.36598449 5726.02253738 174.715870136 5200.0 5200.0 4.33539786195
8127.40635968 6850.34075274 5726.06428983 173.164378287 4100.0 4100.0 6.10725611858
8214.76736936 7353.78980207 5726.07654009 171.666107469 4900.0 4900.0 4.59929164486
8094.44186586 6971.20261447 5726.17599267 170.526209843 4300.0 4300.0 5.54176944093
8173.08572363 6791.22499588 5726.1817426 175.867734514 4000.0 4000.0 6.49681360762
8126.05947623 7158.88958044 5726.20487614 169.978209698 4600.0 4600.0 4.97628276329
8180.9704244 7288.04899276 5726.20571348 171.003750229 4800.0 4800.0 4.71238898038
8107.96910485 7095.49641551 5726.26095629 169.885876065 4500.0 4500.0 5.13964558127
8105.26766637 6910.32294558 5726.2674355 171.703112626 4200.0 4200.0 5.80566322383
8151.35473886 7223.07409369 5726.27271806 170.454118297 4700.0 4700.0 4.83805268653
8130.32944653 6850.3233251 5726.29055524 173.451885263 4100.0 4100.0 6.11982248919
8097.3436521 7032.92425335 5726.29833512 170.095832139 4400.0 4400.0 5.32814114049
8389.05445651 7623.92986926 5726.33728985 176.212522976 5300.0 5300.0 4.27256600888
8296.87649757 7487.43805559 5726.37554597 173.912286799 5100.0 5100.0 4.42336245625
8176.05700368 6791.20905064 5726.37969986 176.138192463 4000.0 4000.0 6.50937997824
8255.16295301 7420.23988981 5726.39675908 172.895770787 5000.0 5000.0 4.51132705055
8439.33229234 7693.18046678 5726.40998906 177.545972457 5400.0 5400.0 4.20973415581
8097.27406973 6971.18213455 5726.45597159 170.845258487 4300.0 4300.0 5.55433581155
8217.35869215 7353.75925821 5726.49623226 172.068961141 4900.0 4900.0 4.61185801547
8342.36793505 7555.32992554 5726.49921677 175.156295237 5200.0 5200.0 4.34796423257
8133.25331908 6850.30590647 5726.51629427 173.739158721 4100.0 4100.0 6.13238885981
8108.14509869 6910.30401532 5726.52061614 172.006564336 4200.0 4200.0 5.81822959445
8128.76546272 7158.86423923 5726.55897341 170.340790103 4600.0 4600.0 4.9888491339
8179.02898745 6791.19311361 5726.57719643 176.408431198 4000.0 4000.0 6.52194634885
8110.71598729 7095.4727349 5726.59117791 170.234319595 4500.0 4500.0 5.15221195189
8100.13275402 7032.90219492 5726.60373272 170.429739811 4400.0 4400.0 5.3407075111
8183.59894272 7288.0202227 5726.60434652 171.393433462 4800.0 4800.0 4.724955351
8154.02154228 7223.047059 5726.64943697 170.830364682 4700.0 4700.0 4.85061905714
8100.10719775 6971.16166527 5726.73531459 171.164048494 4300.0 4300.0 5.56690218216
8136.17797538 6850.28849684 5726.7415086 174.026198916 4100.0 4100.0 6.14495523042
8111.02338857 6910.28509487 5726.77321331 172.309769668 4200.0 4200.0 5.83079596506
8182.0016732 6791.17718478 5726.77423381 176.67845096 4000.0 4000.0 6.53451271947
8391.51068928 7623.89192029 5726.83068186 176.664722886 5300.0 5300.0 4.2851323795
8299.39851869 7487.40388104 5726.83351394 174.340210099 5100.0 5100.0 4.43592882687
8257.71951956 7420.20755401 5726.83571533 173.311167626 5000.0 5000.0 4.52389342117
8102.92283718 7032.88014795 5726.90845038 170.763377604 4400.0 4400.0 5.35327388172
8131.47252482 7158.83891116 5726.91232074 170.703079873 4600.0 4600.0 5.00141550451
8219.95118264 7353.72873012 5726.9151145 172.471497276 4900.0 4900.0 4.62442438608
8113.46390171 7095.4490666 5726.92068136 170.582482558 4500.0 4500.0 5.1647783225
8139.10341348 6850.27109621 5726.96619989 174.313006104 4100.0 4100.0 6.15752160104
8184.97505917 6791.16126413 5726.97081346 176.948251989 4000.0 4000.0 6.54707909008
8344.85689261 7555.29388508 5726.97506849 175.596380032 5200.0 5200.0 4.36053060318
8186.22860342 7287.99146754 5727.00218471 171.782807695 4800.0 4800.0 4.73752172161
8102.94124769 6971.14120661 5727.0140236 171.482580144 4300.0 4300.0 5.57946855278
8113.9025339 6910.26618423 5727.0252288 172.612728887 4200.0 4200.0 5.84336233568
8156.68945736 7223.02003833 5727.02538102 171.206311043 4700.0 4700.0 4.86318542776
8187.94914364 6791.14535168 5727.16693685 177.217834528 4000.0 4000.0 6.5596454607
8142.02963144 6850.25370456 5727.1903698 174.599580541 4100.0 4100.0 6.17008797165
8105.71389928 7032.85811243 5727.21249008 171.096745808 4400.0 4400.0 5.36584025233
8116.21284577 7095.42541059 5727.24946864 170.930365251 4500.0 4500.0 5.17734469312
8134.18066016 7158.81359625 5727.26492014 171.065079311 4600.0 4600.0 5.01398187513
8260.27727174 7420.17523488 5727.27385316 173.726239175 5000.0 5000.0 4.53645979178
8116.78253259 6910.24728338 5727.27666444 172.915442263 4200.0 4200.0 5.85592870629
8301.92174061 7487.36972406 5727.29065759 174.767800519 5100.0 5100.0 4.44849519748
8105.77621732 6971.12075856 5727.29210052 171.800853716 4300.0 4300.0 5.59203492339
8393.96814138 7623.85399072 5727.32324835 177.116575893 5300.0 5300.0 4.29769875011
8222.54483861 7353.69821781 5727.33318868 172.873716194 4900.0 4900.0 4.6369907567
8190.92392487 6791.1294474 5727.36260546 177.487198817 4000.0 4000.0 6.57221183131
8188.8594042 7287.96272725 5727.39922998 172.171873243 4800.0 4800.0 4.75008809223
8159.35848178 7222.99303166 5727.40055217 171.581957689 4700.0 4700.0 4.87575179837
8144.95662733 6850.23632189 5727.41401999 174.885922481 4100.0 4100.0 6.18265434226
8347.34706144 7555.2578631 5727.45009416 176.036124848 5200.0 5200.0 4.3730969738
8108.50593802 7032.83608834 5727.51585379 171.429844709 4400.0 4400.0 5.37840662295
8119.66338254 6910.22839231 5727.527522 173.217910062 4200.0 4200.0 5.86849507691
8193.89940115 6791.11355129 5727.55782073 177.756345096 4000.0 4000.0 6.58477820192
8108.61210444 6971.10032112 5727.56954724 172.118869487 4300.0 4300.0 5.604601294
8118.96281713 7095.40176686 5727.57754174 171.27796797 4500.0 4500.0 5.18991106373
8136.8898664 7158.78829447 5727.61677361 171.426788721 4600.0 4600.0 5.02654824574
8147.88439922 6850.2189482 5727.63715209 175.17203218 4100.0 4100.0 6.19522071288
8262.83620741 7420.1429324 5727.71117434 174.140985759 5000.0 5000.0 4.5490261624
8304.44616124 7487.33558464 5727.74697862 175.195058383 5100.0 5100.0 4.4610615681
8225.13965783 7353.66772126 5727.75045669 173.275618212 4900.0 4900.0 4.64955712731
8162.02861322 7222.96603899 5727.77495242 171.95730493 4700.0 4700.0 4.88831816899
8122.54508167 6910.20951103 5727.77780329 173.520132551 4200.0 4200.0 5.88106144752
8191.49134278 7287.93400184 5727.79548426 172.560630418 4800.0 4800.0 4.76265446284
8396.4268109 7623.81608052 5727.81499085 177.568082328 5300.0 5300.0 4.31026512073
8111.29895112 7032.8140757 5727.81854347 171.762674596 4400.0 4400.0 5.39097299356
8111.44890684 6971.07989428 5727.84636568 172.436627735 4300.0 4300.0 5.61716766462
8150.81294518 6850.20158347 5727.85976774 175.457909891 4100.0 4100.0 6.20778708349
8121.71381347 7095.3781354 5727.90490267 171.625291009 4500.0 4500.0 5.20247743434
8349.83843953 7555.22185957 5727.92429541 176.475530014 5200.0 5200.0 4.38566334441
8139.60014122 7158.76300581 5727.96788314 171.788208405 4600.0 4600.0 5.03911461636
8125.4276279 6910.19063952 5728.02751007 173.822109997 4200.0 4200.0 5.89362781813
8153.74226332 6850.18422769 5728.08186858 175.743555868 4100.0 4100.0 6.22035345411
8114.09293631 7032.79207447 5728.12056108 172.095235755 4400.0 4400.0 5.40353936417
8114.28662233 6971.05947803 5728.1225577 172.754128739 4300.0 4300.0 5.62973403523
8265.39632439 7420.11064657 5728.14768068 174.555407697 5000.0 5000.0 4.56159253301
8164.69984935 7222.93906031 5728.14858372 172.332353072 4700.0 4700.0 4.9008845396
8227.73563807 7353.63724045 5728.16692038 173.677203649 4900.0 4900.0 4.66212349793
8194.12441687 7287.90529129 5728.19094947 172.949079536 4800.0 4800.0 4.77522083346
8306.97177851 7487.30146275 5728.20247876 175.621984018 5100.0 5100.0 4.47362793871
8124.46583247 7095.3545162 5728.23155342 171.972334664 4500.0 4500.0 5.21504380496
8128.31101915 6910.17177777 5728.27664414 174.123842667 4200.0 4200.0 5.90619418875
8156.67235171 6850.16688087 5728.30345624 176.028970365 4100.0 4100.0 6.23291982472
8142.31148228 7158.73773028 5728.31825074 172.149338665 4600.0 4600.0 5.05168098697
8352.33102491 7555.18587448 5728.39767385 176.914595856 5200.0 5200.0 4.39822971503
8117.12524871 6971.03907237 5728.3981252 173.071372774 4300.0 4300.0 5.64230040585
8116.88789131 7032.77008466 5728.42190856 172.427528472 4400.0 4400.0 5.41610573479
8167.37218786 7222.9120956 5728.52144804 172.707102426 4700.0 4700.0 4.91345091021
8159.60320846 6850.149543 5728.52453232 176.314153635 4100.0 4100.0 6.24548619534
8131.19525337 6910.15292578 5728.52520725 174.425330825 4200.0 4200.0 5.91876055936
8127.21887182 7095.33090926 5728.55749597 172.31909923 4500.0 4500.0 5.22761017557
8230.3327771 7353.60677538 5728.58258162 174.078472823 4900.0 4900.0 4.67468986854
8267.95762053 7420.07837736 5728.58337396 174.969505313 5000.0 5000.0 4.57415890363
8196.75862421 7287.87659558 5728.58562754 173.337220909 4800.0 4800.0 4.78778720407
8309.49859034 7487.2673584 5728.65715971 176.048577748 5100.0 5100.0 4.48619430933
8145.02388725 7158.71246784 5728.66787837 172.510179803 4600.0 4600.0 5.06424735759
8119.96478381 6971.01867728 5728.67307005 173.388360118 4300.0 4300.0 5.65486677646
8119.68381385 7032.74810625 5728.72258788 172.759553035 4400.0 4400.0 5.4286721054
8162.53483167 6850.13221406 5728.74509845 176.599105932 4100.0 4100.0 6.25805256595
8134.08032849 6910.13408354 5728.77320117 174.726574738 4200.0 4200.0 5.93132692998
8354.82481558 7555.14990783 5728.8702311 177.353322701 5200.0 5200.0 4.41079608564
8129.9729292 7095.30731457 5728.88273229 172.665585002 4500.0 4500.0 5.24017654619
8170.04562645 7222.88514485 5728.89354736 173.081553298 4700.0 4700.0 4.92601728083
8122.80522545 6970.99829275 5728.94739411 173.705091047 4300.0 4300.0 5.66743314708
8165.46721946 6850.11489406 5728.96515624 176.883827507 4100.0 4100.0 6.27061893657
8199.39396251 7287.84791472 5728.9795204 173.725054851 4800.0 4800.0 4.80035357469
8232.93107271 7353.57632602 5728.99744226 174.479426051 4900.0 4900.0 4.68725623916
8147.73735381 7158.6872185 5729.01676803 172.870732121 4600.0 4600.0 5.0768137282
8270.52009368 7420.04612477 5729.01825597 175.383278927 5000.0 5000.0 4.58672527424
8136.96624247 6910.11525104 5729.02062767 175.027574672 4200.0 4200.0 5.94389330059
8122.48070169 7032.72613924 5729.02260096 173.091309728 4400.0 4400.0 5.44123847602
8312.02659465 7487.23327156 5729.11102316 176.474839896 5100.0 5100.0 4.49876067994
8168.40036995 6850.09758298 5729.18470729 177.168318614 4100.0 4100.0 6.28318530718
8132.72800233 7095.28373211 5729.20726435 173.011792273 4500.0 4500.0 5.2527429168
8125.64657145 6970.97791878 5729.22109926 174.021565837 4300.0 4300.0 5.67999951769
8172.72016281 7222.85820806 5729.26488361 173.455705997 4700.0 4700.0 4.93858365144
8139.85299325 6910.09642827 5729.26748848 175.32833089 4200.0 4200.0 5.95645967121
8125.27855257 7032.70418362 5729.32194973 173.422798839 4400.0 4400.0 5.45380484663
8357.31980955 7555.11395959 5729.34196877 177.791710876 5200.0 5200.0 4.42336245625
8150.45187966 7158.66198225 5729.36492168 173.230995919 4600.0 4600.0 5.08938009882
8202.03042952 7287.81924867 5729.37262994 174.112581674 4800.0 4800.0 4.8129199453
8171.33428126 6850.08028081 5729.40375318 177.452579504 4100.0 4100.0 6.29575167779
8235.53052268 7353.54589238 5729.41150416 174.88006365 4900.0 4900.0 4.69982260977
8273.0837417 7420.01388878 5729.4523285 175.79672886 5000.0 5000.0 4.59929164486
8128.48881966 6970.95755536 5729.49418734 174.337784764 4300.0 4300.0 5.6925658883
8142.7405788 6910.07761523 5729.51378535 175.628843658 4200.0 4200.0 5.96902604182
8135.4840889 7095.26016187 5729.53109413 173.357721336 4500.0 4500.0 5.26530928742
8314.55578938 7487.19920222 5729.56407083 176.900770786 5100.0 5100.0 4.51132705055
8128.07736424 7032.68223938 5729.62063612 173.754020651 4400.0 4400.0 5.46637121725
8174.26895151 6850.06298756 5729.62229552 177.736610429 4100.0 4100.0 6.30831804841
8175.39579464 7222.83128521 5729.63545876 173.829560829 4700.0 4700.0 4.95115002206
8153.16746248 7158.63675907 5729.71234131 173.590971499 4600.0 4600.0 5.10194646943
8145.62899709 6910.05881191 5729.75952002 175.92911324 4200.0 4200.0 5.98159241243
8204.66802297 7287.79059745 5729.76495808 174.499801691 4800.0 4800.0 4.82548631591
8131.33196792 6970.93720249 5729.76666021 174.653748103 4300.0 4300.0 5.70513225892
8238.13112481 7353.51547444 5729.82476918 175.280385938 4900.0 4900.0 4.71238898038
8138.24118663 7095.23660385 5729.85422358 173.703372487 4500.0 4500.0 5.27787565803
8275.64856243 7419.98166938 5729.88559332 176.209855433 5000.0 5000.0 4.61185801547
8130.87713446 7032.66030651 5729.91866205 174.08497545 4400.0 4400.0 5.47893758786
8148.51824609 6910.04001831 5730.00469423 176.2291399 4200.0 4200.0 5.99415878305
8178.07251966 7222.80437629 5730.00527475 174.203118101 4700.0 4700.0 4.96371639267
8317.08617246 7487.16515036 5730.0163044 177.326370743 5100.0 5100.0 4.52389342117
8134.17601407 6970.91686014 5730.0385197 174.96945613 4300.0 4300.0 5.71769862953
8155.88409998 7158.61154896 5730.05902886 173.950659161 4600.0 4600.0 5.11451284004
8207.30674061 7287.76196102 5730.15650673 174.886715213 4800.0 4800.0 4.83805268653
8140.99929323 7095.21305804 5730.17665466 174.048746017 4500.0 4500.0 5.29044202865
8133.67786102 7032.638385 5730.21602944 174.415663521 4400.0 4400.0 5.49150395847
8240.73287689 7353.48507218 5730.23723915 175.680393231 4900.0 4900.0 4.724955351
8151.40832379 6910.0212344 5730.24930969 176.528923902 4200.0 4200.0 6.00672515366
8137.02095598 6970.89652833 5730.30976767 175.284909119 4300.0 4300.0 5.73026500015
8278.21455375 7419.94946655 5730.31805221 176.622658966 5000.0 5000.0 4.62442438608
8180.75033558 7222.7774813 5730.37433351 174.576378119 4700.0 4700.0 4.97628276329
8158.60178986 7158.5863519 5730.4049863 174.310059205 4600.0 4600.0 5.12707921066
8319.61774183 7487.13111598 5730.46772558 177.75164009 5100.0 5100.0 4.53645979178
8154.29922818 6910.0024602 5730.49336813 176.828465508 4200.0 4200.0 6.01929152428
8143.75840644 7095.18952442 5730.4983893 174.393842219 4500.0 4500.0 5.30300839926
8136.47954167 7032.61647484 5730.51274019 174.746085147 4400.0 4400.0 5.50407032909
8209.94658018 7287.73333939 5730.54727778 175.273322553 4800.0 4800.0 4.85061905714
8139.86679151 6970.87620703 5730.58040592 175.600107345 4300.0 4300.0 5.74283137076
8243.33577672 7353.45468559 5730.64891592 176.080085845 4900.0 4900.0 4.73752172161
8157.19095724 6909.98369568 5730.73687125 177.127764982 4200.0 4200.0 6.03185789489
8183.42924012 7222.75060021 5730.742637 174.94934119 4700.0 4700.0 4.9888491339
8280.78171351 7419.9172803 5730.74970694 177.03513978 5000.0 5000.0 4.6369907567
8161.32052983 7158.56116788 5730.75021558 174.669171931 4600.0 4600.0 5.13964558127
8139.28217421 7032.59457602 5730.8087962 175.076240613 4400.0 4400.0 5.5166366997
8146.51852397 7095.16600299 5730.81942946 174.738661386 4500.0 4500.0 5.31557476987
8142.71351853 6970.85589623 5730.8504363 175.915051082 4300.0 4300.0 5.75539774138
8212.58753943 7287.70473254 5730.93727313 175.659624021 4800.0 4800.0 4.86318542776
8160.08350898 6909.96494085 5730.97982078 177.426822587 4200.0 4200.0 6.04442426551
8245.9398221 7353.42431467 5731.05980133 176.479464096 4900.0 4900.0 4.75008809223
8164.04031762 7158.5359969 5731.09471866 175.027997639 4600.0 4600.0 5.15221195189
8142.08575642 7032.57268854 5731.10419937 175.406130202 4400.0 4400.0 5.52920307032
8186.109231 7222.72373303 5731.11018713 175.32200762 4700.0 4700.0 5.00141550451
8145.56113492 6970.83559594 5731.11986062 176.229740603 4300.0 4300.0 5.76796411199
8149.27964358 7095.14249374 5731.13977707 175.08320381 4500.0 4500.0 5.32814114049
8283.35003959 7419.88511059 5731.18055929 177.447298192 5000.0 5000.0 4.64955712731
8162.97688142 6909.94619569 5731.2222184 177.725638584 4200.0 4200.0 6.05699063612
8215.22961613 7287.67614046 5731.32649468 176.045619929 4800.0 4800.0 4.87575179837
8148.40963856 6970.81530615 5731.38868069 176.544176181 4300.0 4300.0 5.78053048261
8144.8902861 7032.55081239 5731.39895158 175.735754197 4400.0 4400.0 5.54176944093
8166.76115093 7158.51083895 5731.43849746 175.386536627 4600.0 4600.0 5.1647783225
8152.041763 7095.11899666 5731.45943406 175.427469782 4500.0 4500.0 5.3407075111
8248.54501085 7353.39395939 5731.46989722 176.878528299 4900.0 4900.0 4.76265446284
8188.79030595 7222.69687973 5731.47698583 175.694377713 4700.0 4700.0 5.01398187513
8285.91952985 7419.85295742 5731.61061101 177.859134524 5000.0 5000.0 4.66212349793
8151.25902734 6970.79502684 5731.65689831 176.858358091 4300.0 4300.0 5.79309685322
8147.69576105 7032.52894756 5731.69305472 176.065112882 4400.0 4400.0 5.55433581155
8217.87280804 7287.64756313 5731.7149443 176.431310588 4800.0 4800.0 4.88831816899
8154.80487998 7095.09551174 5731.77840235 175.771459594 4500.0 4500.0 5.35327388172
8169.4830275 7158.48569401 5731.78155392 175.744789194 4600.0 4600.0 5.17734469312
8191.47246271 7222.67004031 5731.84303503 176.066451776 4700.0 4700.0 5.02654824574
8251.15134076 7353.36361976 5731.87920541 177.27727877 4900.0 4900.0 4.77522083346
8154.10929916 6970.774758 5731.92451529 177.172286604 4300.0 4300.0 5.80566322383
8150.50217908 7032.50709403 5731.98651067 176.394206538 4400.0 4400.0 5.56690218216
8157.56899228 7095.07203897 5732.09668386 176.115173536 4500.0 4500.0 5.36584025233
8220.51711292 7287.61900055 5732.10262388 176.816696307 4800.0 4800.0 4.9008845396
8172.20594506 7158.46056207 5732.12388999 176.10275564 4600.0 4600.0 5.18991106373
8156.96045192 6970.75449963 5732.19153341 177.485961993 4300.0 4300.0 5.81822959445
8194.15569902 7222.64321476 5732.20833664 176.438230112 4700.0 4700.0 5.03911461636
8153.30953799 7032.4852518 5732.27932129 176.723035448 4400.0 4400.0 5.57946855278
8253.75880967 7353.33329575 5732.28772774 177.675715824 4900.0 4900.0 4.78778720407
8160.33409766 7095.04857834 5732.41428051 176.458611901 4500.0 4500.0 5.37840662295
8159.81248354 6970.73425173 5732.45795447 177.799384531 4300.0 4300.0 5.83079596506
8174.92990137 7158.43544313 5732.46550757 176.460436261 4600.0 4600.0 5.20247743434
8223.16252856 7287.59045271 5732.48953529 177.201777398 4800.0 4800.0 4.91345091021
8156.11783562 7032.46342087 5732.57148845 177.051599894 4400.0 4400.0 5.59203492339
8196.84001263 7222.61640307 5732.57289258 176.809713027 4700.0 4700.0 5.05168098697
8163.10019389 7095.02512984 5732.7311942 176.801774977 4500.0 4500.0 5.39097299356
8177.65489415 7158.41033718 5732.8064086 176.817831355 4600.0 4600.0 5.21504380496
8158.92706979 7032.44160122 5732.86301401 177.379900158 4400.0 4400.0 5.604601294
8225.80905272 7287.56191959 5732.87568042 177.586554169 4800.0 4800.0 4.92601728083
8199.52540128 7222.58960522 5732.93670473 177.180900824 4700.0 4700.0 5.06424735759
8165.86727875 7095.00169346 5733.04742682 177.144663054 4500.0 4500.0 5.40353936417
8180.38092116 7158.38524419 5733.14659498 177.174941221 4600.0 4600.0 5.22761017557
8161.73723834 7032.41979284 5733.15389982 177.70793652 4400.0 4400.0 5.61716766462
8228.45668318 7287.53340118 5733.26106112 177.97102693 4800.0 4800.0 4.93858365144
8202.21186275 7222.56282121 5733.29977502 177.551793807 4700.0 4700.0 5.0768137282
8168.63535001 7094.9782692 5733.36298029 177.487276423 4500.0 4500.0 5.41610573479
8183.10798017 7158.36016418 5733.48606863 177.531766155 4600.0 4600.0 5.24017654619
8204.89939477 7222.53605102 5733.66210533 177.92239228 4700.0 4700.0 5.08938009882
8171.40440547 7094.95485704 5733.67785648 177.829615373 4500.0 4500.0 5.4286721054
8185.83606892 7158.33509712 5733.82483144 177.888306453 4600.0 4600.0 5.2527429168
