9201.22401418 6211.99272758 5667.0524018 168.425715871 2900.0 2900.0 12.0637157898
9234.44097733 6211.9467946 5667.32806565 169.561005736 2900.0 2900.0 12.1893794959
9267.67210262 6211.90107867 5667.59873225 170.687898146 2900.0 2900.0 12.3150432021
9300.91716011 6211.85557825 5667.86453451 171.806482614 2900.0 2900.0 12.4407069082
8963.10075859 6258.99372733 5674.4353549 168.118179449 3000.0 3000.0 11.0584061406
8996.07128377 6258.9402623 5674.79729403 169.39610218 3000.0 3000.0 11.1840698468
9029.0593522 6258.88705426 5675.15225477 170.664354925 3000.0 3000.0 11.3097335529
9062.06465321 6258.83410137 5675.50043393 171.923042609 3000.0 3000.0 11.4353972591
9095.08688492 6258.7814018 5675.8420211 173.17226871 3000.0 3000.0 11.5610609652
9128.12575391 6258.72895374 5676.17719893 174.412135284 3000.0 3000.0 11.6867246714
9161.18097491 6258.6767554 5676.50614348 175.642742986 3000.0 3000.0 11.8123883775
9194.25227042 6258.62480501 5676.8290245 176.864191095 3000.0 3000.0 11.9380520836
8794.51245525 6307.16919793 5681.72836658 168.960609486 3100.0 3100.0 10.3044239038
8827.23325184 6307.10783378 5682.18584253 170.37510319 3100.0 3100.0 10.4300876099
8859.97516754 6307.04676827 5682.63409416 171.778722826 3100.0 3100.0 10.5557513161
8892.73780156 6306.98599924 5683.07339263 173.171587685 3100.0 3100.0 10.6814150222
8925.52076525 6306.92552453 5683.50399874 174.553815405 3100.0 3100.0 10.8070787283
8958.32368162 6306.86534202 5683.92616343 175.925521999 3100.0 3100.0 10.9327424345
8991.14618484 6306.8054496 5684.34012819 177.286821879 3100.0 3100.0 11.0584061406
8629.3946365 6356.5943018 5688.14315673 168.543943327 3200.0 3200.0 9.55044166691
8661.8272409 6356.52416923 5688.7210185 170.106837309 3200.0 3200.0 9.67610537306
8694.28539941 6356.45438226 5689.28668969 171.657529547 3200.0 3200.0 9.8017690792
8726.76859153 6356.38493833 5689.84054363 173.196155254 3200.0 3200.0 9.92743278534
8759.27631361 6356.31583494 5690.38293888 174.722847762 3200.0 3200.0 10.0530964915
8791.80807809 6356.24706958 5690.91421988 176.237738553 3200.0 3200.0 10.1787601976
8824.36341281 6356.17863979 5691.4347177 177.740957288 3200.0 3200.0 10.3044239038
8500.22279422 6407.17285733 5694.14242133 168.47524541 3300.0 3300.0 8.9221231362
8532.35228101 6407.09341859 5694.85594825 170.185573749 3300.0 3300.0 9.04778684234
8564.51217531 6407.01437522 5695.55388326 171.882392392 3300.0 3300.0 9.17345054848
8596.70182068 6406.9357243 5696.2367186 173.565851987 3300.0 3300.0 9.29911425463
8628.92058293 6406.85746291 5696.9049265 175.23610109 3300.0 3300.0 9.42477796077
8661.16784918 6406.77958817 5697.55896016 176.893286192 3300.0 3300.0 9.55044166691
8406.3790922 6458.8588118 5699.91555757 169.111988933 3400.0 3400.0 8.41946831162
8438.19943175 6458.7696258 5700.7748456 170.965398473 3400.0 3400.0 8.54513201776
8470.0552144 6458.68088703 5701.61489663 172.804051302 3400.0 3400.0 8.67079572391
8501.94564109 6458.59259213 5702.43632956 174.628112403 3400.0 3400.0 8.79645943005
8533.86994071 6458.5047378 5703.23973783 176.437744473 3400.0 3400.0 8.9221231362
8315.66716427 6511.70277981 5704.70513138 168.821095308 3500.0 3500.0 7.91681348705
8347.14242357 6511.6030184 5705.73632482 170.825841795 3500.0 3500.0 8.04247719319
8378.65898549 6511.50376096 5706.74390236 172.814506602 3500.0 3500.0 8.16814089933
8410.21588063 6511.40500369 5707.72863634 174.787269834 3500.0 3500.0 8.29380460548
8441.81217444 6511.30674284 5708.691267 176.74430912 3500.0 3500.0 8.41946831162
8259.40336963 6565.5743547 5709.56133207 169.70985142 3600.0 3600.0 7.53982236862
8290.54162289 6565.46371638 5710.76549069 171.856967776 3600.0 3600.0 7.66548607476
8321.72679694 6565.35363967 5711.94177325 173.986794135 3600.0 3600.0 7.7911497809
8352.95776433 6565.24412033 5713.0910953 176.099523806 3600.0 3600.0 7.91681348705
8205.93624413 6620.54214462 5713.48943229 169.875257038 3700.0 3700.0 7.16283125018
8236.70744026 6620.41985245 5714.88925286 172.170759194 3700.0 3700.0 7.28849495633
8443.05892747 7763.94199864 5715.56233052 169.130116995 5500.0 5500.0 3.89557489045
8267.53178841 6620.29818399 5716.25638393 174.447713089 3700.0 3700.0 7.41415866247
8155.40039748 6676.58567157 5716.37112416 169.28394318 3800.0 3800.0 6.78584013175
8298.40798657 6620.1771345 5717.59190032 176.706325589 3700.0 3700.0 7.53982236862
8185.77278656 6676.45092446 5717.99091494 171.73389475 3800.0 3800.0 6.9115038379
8403.10364733 7693.78109133 5718.66441657 170.544722517 5400.0 5400.0 4.02123859659
8302.71098536 7555.90909663 5718.7719146 168.068433032 5200.0 5200.0 4.14690230274
8216.20518336 6676.31686777 5719.57263743 174.163990857 3800.0 3800.0 7.03716754404
8137.87100147 6733.53698485 5719.95257119 170.514385085 3900.0 3900.0 6.53451271947
8093.13373304 6791.65864143 5720.65717977 168.481615465 4000.0 4000.0 6.15752160104
8266.70666886 7487.84952531 5720.81500588 168.751123726 5100.0 5100.0 4.27256600888
8466.81083201 7763.52022437 5720.94738078 173.941737125 5500.0 5500.0 4.02123859659
8246.69609642 6676.18349621 5721.11754014 176.574452221 3800.0 3800.0 7.16283125018
8364.55961217 7624.31042869 5721.35762856 171.671371577 5300.0 5300.0 4.14690230274
8167.87886472 6733.38972011 5721.77400947 173.103674798 3900.0 3900.0 6.66017642561
8080.7454457 6850.62082558 5722.3710695 168.532298092 4100.0 4100.0 5.90619418875
8232.2075664 7420.53166404 5722.40902508 169.142507918 5000.0 5000.0 4.39822971503
8122.68335737 6791.49732618 5722.74451994 171.236173951 4000.0 4000.0 6.28318530718
8070.80614452 6910.5508766 5723.18308945 168.042376486 4200.0 4200.0 5.65486677646
8199.24408035 7353.97339736 5723.54127315 169.242299265 4900.0 4900.0 4.52389342117
8197.95251496 6733.24321141 5723.55287618 175.671989052 3900.0 3900.0 6.78584013175
8327.45973842 7555.54655701 5723.62666836 172.508628547 5200.0 5200.0 4.27256600888
8427.22514682 7693.38016429 5723.84894318 175.221119088 5400.0 5400.0 4.14690230274
8167.84504895 7288.19306689 5724.20055732 169.05068803 4800.0 4800.0 4.64955712731
8138.03747873 7223.20947779 5724.37743072 168.568375163 4700.0 4700.0 4.77522083346
8109.88444854 6850.44550809 5724.69554932 171.434418177 4100.0 4100.0 6.03185789489
8152.30661571 6791.33684276 5724.78301693 173.968370504 4000.0 4000.0 6.40884901332
8086.19710293 7033.01260182 5725.06990559 168.757496902 4400.0 4400.0 5.27787565803
8291.83606606 7487.50645743 5725.45713019 173.055440256 5100.0 5100.0 4.39822971503
8099.51538288 6910.36083555 5725.75931653 171.095468992 4200.0 4200.0 5.78053048261
8091.61058835 6971.22310502 5725.89537592 170.206902285 4300.0 4300.0 5.52920307032
8389.05445651 7623.92986926 5726.33728985 176.212522976 5300.0 5300.0 4.27256600888
8110.71598729 7095.4727349 5726.59117791 170.234319595 4500.0 4500.0 5.15221195189
8182.0016732 6791.17718478 5726.77423381 176.67845096 4000.0 4000.0 6.53451271947
8257.71951956 7420.20755401 5726.83571533 173.311167626 5000.0 5000.0 4.52389342117
8139.10341348 6850.27109621 5726.96619989 174.313006104 4100.0 4100.0 6.15752160104
8136.8898664 7158.78829447 5727.61677361 171.426788721 4600.0 4600.0 5.02654824574
8225.13965783 7353.66772126 5727.75045669 173.275618212 4900.0 4900.0 4.64955712731
8114.09293631 7032.79207447 5728.12056108 172.095235755 4400.0 4400.0 5.40353936417
8164.69984935 7222.93906031 5728.14858372 172.332353072 4700.0 4700.0 4.9008845396
8194.12441687 7287.90529129 5728.19094947 172.949079536 4800.0 4800.0 4.77522083346
8128.31101915 6910.17177777 5728.27664414 174.123842667 4200.0 4200.0 5.90619418875
8352.33102491 7555.18587448 5728.39767385 176.914595856 5200.0 5200.0 4.39822971503
8119.96478381 6971.01867728 5728.67307005 173.388360118 4300.0 4300.0 5.65486677646
8168.40036995 6850.09758298 5729.18470729 177.168318614 4100.0 4100.0 6.28318530718
8138.24118663 7095.23660385 5729.85422358 173.703372487 4500.0 4500.0 5.27787565803
8317.08617246 7487.16515036 5730.0163044 177.326370743 5100.0 5100.0 4.52389342117
8157.19095724 6909.98369568 5730.73687125 177.127764982 4200.0 4200.0 6.03185789489
8164.04031762 7158.5359969 5731.09471866 175.027997639 4600.0 4600.0 5.15221195189
8142.08575642 7032.57268854 5731.10419937 175.406130202 4400.0 4400.0 5.52920307032
8283.35003959 7419.88511059 5731.18055929 177.447298192 5000.0 5000.0 4.64955712731
8148.40963856 6970.81530615 5731.38868069 176.544176181 4300.0 4300.0 5.78053048261
8191.47246271 7222.67004031 5731.84303503 176.066451776 4700.0 4700.0 5.02654824574
8251.15134076 7353.36361976 5731.87920541 177.27727877 4900.0 4900.0 4.77522083346
8220.51711292 7287.61900055 5732.10262388 176.816696307 4800.0 4800.0 4.9008845396
8165.86727875 7095.00169346 5733.04742682 177.144663054 4500.0 4500.0 5.40353936417
