9530.49353222 6794.28633343 6180.67554009 168.052889448 3200.0 3200.0 12.2145122372
9533.51231593 6794.28163454 6180.7107238 168.171673709 3200.0 3200.0 12.2270786078
9536.5312467 6794.27693759 6180.7458454 168.290380098 3200.0 3200.0 12.2396449784
9539.55032428 6794.27224257 6180.78090504 168.409008688 3200.0 3200.0 12.252211349
9542.56954844 6794.2675495 6180.81590289 168.527559552 3200.0 3200.0 12.2647777196
9545.58891894 6794.26285835 6180.85083911 168.646032763 3200.0 3200.0 12.2773440902
9548.60843553 6794.25816914 6180.88571386 168.764428395 3200.0 3200.0 12.2899104608
9551.62809798 6794.25348186 6180.92052729 168.88274652 3200.0 3200.0 12.3024768315
9554.64790606 6794.24879652 6180.95527957 169.000987212 3200.0 3200.0 12.3150432021
9557.66785951 6794.2441131 6180.98997086 169.119150543 3200.0 3200.0 12.3276095727
9560.68795811 6794.23943161 6181.02460131 169.237236585 3200.0 3200.0 12.3401759433
9563.70820163 6794.23475205 6181.05917108 169.355245413 3200.0 3200.0 12.3527423139
9566.72858981 6794.23007442 6181.09368033 169.473177098 3200.0 3200.0 12.3653086845
9569.74912244 6794.22539871 6181.1281292 169.591031712 3200.0 3200.0 12.3778750551
9572.76979927 6794.22072492 6181.16251787 169.708809329 3200.0 3200.0 12.3904414258
9575.79062008 6794.21605306 6181.19684649 169.82651002 3200.0 3200.0 12.4030077964
9578.81158462 6794.21138312 6181.2311152 169.944133857 3200.0 3200.0 12.415574167
9581.83269267 6794.2067151 6181.26532416 170.061680914 3200.0 3200.0 12.4281405376
9584.853944 6794.202049 6181.29947353 170.179151261 3200.0 3200.0 12.4407069082
9587.87533837 6794.19738481 6181.33356346 170.296544971 3200.0 3200.0 12.4532732788
9590.89687555 6794.19272254 6181.3675941 170.413862116 3200.0 3200.0 12.4658396494
9593.91855531 6794.18806219 6181.40156561 170.531102767 3200.0 3200.0 12.4784060201
9596.94037744 6794.18340376 6181.43547813 170.648266996 3200.0 3200.0 12.4909723907
9599.96234168 6794.17874723 6181.46933182 170.765354875 3200.0 3200.0 12.5035387613
9602.98444782 6794.17409262 6181.50312683 170.882366476 3200.0 3200.0 12.5161051319
9606.00669564 6794.16943992 6181.5368633 170.999301869 3200.0 3200.0 12.5286715025
9609.02908489 6794.16478913 6181.57054139 171.116161127 3200.0 3200.0 12.5412378731
9612.05161537 6794.16014025 6181.60416125 171.23294432 3200.0 3200.0 12.5538042437
9357.5504733 6841.65249582 6187.42568572 168.119549532 3300.0 3300.0 11.372565406
9360.54671702 6841.64714202 6187.46986312 168.250374044 3300.0 3300.0 11.3851317766
9363.54313751 6841.64179044 6187.51395885 168.381111475 3300.0 3300.0 11.3976981472
9366.53973445 6841.63644111 6187.55797313 168.511761908 3300.0 3300.0 11.4102645178
9369.53650753 6841.631094 6187.60190619 168.642325425 3300.0 3300.0 11.4228308885
9372.53345643 6841.62574913 6187.64575824 168.77280211 3300.0 3300.0 11.4353972591
9375.53058086 6841.62040648 6187.6895295 168.903192044 3300.0 3300.0 11.4479636297
9378.5278805 6841.61506607 6187.7332202 169.03349531 3300.0 3300.0 11.4605300003
9381.52535504 6841.60972788 6187.77683054 169.163711991 3300.0 3300.0 11.4730963709
9384.52300419 6841.60439191 6187.82036076 169.293842168 3300.0 3300.0 11.4856627415
9387.52082762 6841.59905817 6187.86381105 169.423885925 3300.0 3300.0 11.4982291121
9390.51882504 6841.59372665 6187.90718165 169.553843343 3300.0 3300.0 11.5107954828
9393.51699615 6841.58839735 6187.95047276 169.683714505 3300.0 3300.0 11.5233618534
9396.51534063 6841.58307028 6187.9936846 169.813499491 3300.0 3300.0 11.535928224
9399.5138582 6841.57774542 6188.03681738 169.943198385 3300.0 3300.0 11.5484945946
9402.51254854 6841.57242278 6188.07987132 170.072811267 3300.0 3300.0 11.5610609652
9405.51141135 6841.56710235 6188.12284662 170.202338219 3300.0 3300.0 11.5736273358
9408.51044635 6841.56178414 6188.16574351 170.331779323 3300.0 3300.0 11.5861937064
9411.50965322 6841.55646814 6188.20856218 170.461134661 3300.0 3300.0 11.5987600771
9414.50903167 6841.55115435 6188.25130284 170.590404313 3300.0 3300.0 11.6113264477
9417.50858141 6841.54584277 6188.29396572 170.719588361 3300.0 3300.0 11.6238928183
9420.50830213 6841.5405334 6188.336551 170.848686885 3300.0 3300.0 11.6364591889
9423.50819354 6841.53522624 6188.37905891 170.977699968 3300.0 3300.0 11.6490255595
9426.50825535 6841.52992128 6188.42148965 171.10662769 3300.0 3300.0 11.6615919301
9429.50848726 6841.52461853 6188.46384343 171.235470131 3300.0 3300.0 11.6741583007
9432.50888899 6841.51931798 6188.50612044 171.364227373 3300.0 3300.0 11.6867246714
9435.50946023 6841.51401963 6188.5483209 171.492899495 3300.0 3300.0 11.699291042
9438.5102007 6841.50872348 6188.59044501 171.62148658 3300.0 3300.0 11.7118574126
9441.5111101 6841.50342954 6188.63249297 171.749988706 3300.0 3300.0 11.7244237832
9444.51218815 6841.49813779 6188.67446499 171.878405955 3300.0 3300.0 11.7369901538
9447.51343456 6841.49284823 6188.71636126 172.006738407 3300.0 3300.0 11.7495565244
9450.51484903 6841.48756088 6188.75818198 172.134986142 3300.0 3300.0 11.762122895
9453.51643129 6841.48227571 6188.79992737 172.263149239 3300.0 3300.0 11.7746892657
9456.51818105 6841.47699274 6188.84159761 172.391227779 3300.0 3300.0 11.7872556363
9459.52009802 6841.47171196 6188.88319291 172.519221843 3300.0 3300.0 11.7998220069
9462.52218191 6841.46643336 6188.92471346 172.647131508 3300.0 3300.0 11.8123883775
9465.52443244 6841.46115696 6188.96615946 172.774956856 3300.0 3300.0 11.8249547481
9468.52684933 6841.45588274 6189.00753111 172.902697966 3300.0 3300.0 11.8375211187
9471.5294323 6841.45061071 6189.04882861 173.030354917 3300.0 3300.0 11.8500874893
9474.53218106 6841.44534086 6189.09005215 173.157927789 3300.0 3300.0 11.86265386
9477.53509533 6841.4400732 6189.13120192 173.28541666 3300.0 3300.0 11.8752202306
9480.53817484 6841.43480771 6189.17227812 173.412821611 3300.0 3300.0 11.8877866012
9483.5414193 6841.42954441 6189.21328094 173.54014272 3300.0 3300.0 11.9003529718
9486.54482843 6841.42428328 6189.25421058 173.667380067 3300.0 3300.0 11.9129193424
9489.54840196 6841.41902434 6189.29506723 173.79453373 3300.0 3300.0 11.925485713
9492.55213961 6841.41376756 6189.33585107 173.921603788 3300.0 3300.0 11.9380520836
9495.55604111 6841.40851297 6189.37656231 174.048590319 3300.0 3300.0 11.9506184543
9498.56010617 6841.40326054 6189.41720113 174.175493404 3300.0 3300.0 11.9631848249
9501.56433453 6841.39801029 6189.45776771 174.302313119 3300.0 3300.0 11.9757511955
9504.5687259 6841.39276221 6189.49826226 174.429049544 3300.0 3300.0 11.9883175661
9507.57328002 6841.3875163 6189.53868495 174.555702756 3300.0 3300.0 12.0008839367
9510.57799662 6841.38227255 6189.57903598 174.682272835 3300.0 3300.0 12.0134503073
9513.58287541 6841.37703098 6189.61931552 174.808759858 3300.0 3300.0 12.0260166779
9516.58791614 6841.37179156 6189.65952378 174.935163903 3300.0 3300.0 12.0385830486
9519.59311853 6841.36655432 6189.69966093 175.061485048 3300.0 3300.0 12.0511494192
9522.5984823 6841.36131923 6189.73972716 175.187723372 3300.0 3300.0 12.0637157898
9525.6040072 6841.35608631 6189.77972265 175.313878952 3300.0 3300.0 12.0762821604
9528.60969296 6841.35085554 6189.81964758 175.439951865 3300.0 3300.0 12.088848531
9531.61553929 6841.34562693 6189.85950215 175.56594219 3300.0 3300.0 12.1014149016
9534.62154595 6841.34040049 6189.89928653 175.691850004 3300.0 3300.0 12.1139812722
9537.62771266 6841.33517619 6189.9390009 175.817675384 3300.0 3300.0 12.1265476429
9540.63403916 6841.32995405 6189.97864545 175.943418408 3300.0 3300.0 12.1391140135
9543.64052518 6841.32473407 6190.01822035 176.069079152 3300.0 3300.0 12.1516803841
9546.64717047 6841.31951623 6190.0577258 176.194657695 3300.0 3300.0 12.1642467547
9549.65397475 6841.31430055 6190.09716195 176.320154113 3300.0 3300.0 12.1768131253
9552.66093776 6841.30908702 6190.136529 176.445568483 3300.0 3300.0 12.1893794959
9555.66805925 6841.30387563 6190.17582713 176.570900882 3300.0 3300.0 12.2019458665
9558.67533895 6841.29866639 6190.2150565 176.696151386 3300.0 3300.0 12.2145122372
9561.6827766 6841.2934593 6190.2542173 176.821320073 3300.0 3300.0 12.2270786078
9564.69037194 6841.28825435 6190.29330971 176.946407019 3300.0 3300.0 12.2396449784
9567.69812471 6841.28305154 6190.33233389 177.071412301 3300.0 3300.0 12.252211349
9570.70603466 6841.27785088 6190.37129004 177.196335994 3300.0 3300.0 12.2647777196
9573.71410153 6841.27265235 6190.4101783 177.321178176 3300.0 3300.0 12.2773440902
9576.72232505 6841.26745596 6190.44899888 177.445938923 3300.0 3300.0 12.2899104608
9579.73070498 6841.26226171 6190.48775193 177.57061831 3300.0 3300.0 12.3024768315
9582.73924106 6841.2570696 6190.52643763 177.695216414 3300.0 3300.0 12.3150432021
9585.74793304 6841.25187962 6190.56505615 177.819733311 3300.0 3300.0 12.3276095727
9588.75678065 6841.24669177 6190.60360767 177.944169077 3300.0 3300.0 12.3401759433
9211.77149659 6890.13772463 6193.69887001 168.105528137 3400.0 3400.0 10.6311495397
9214.74345159 6890.1316678 6193.75349281 168.248616764 3400.0 3400.0 10.6437159104
9217.71561709 6890.12561352 6193.80801058 168.39160894 3400.0 3400.0 10.656282281
9220.68799267 6890.1195618 6193.8624236 168.534504759 3400.0 3400.0 10.6688486516
9223.66057795 6890.11351263 6193.91673218 168.677304312 3400.0 3400.0 10.6814150222
9226.63337253 6890.10746601 6193.97093659 168.820007693 3400.0 3400.0 10.6939813928
9229.60637603 6890.10142194 6194.02503714 168.962614993 3400.0 3400.0 10.7065477634
9232.57958804 6890.09538041 6194.07903412 169.105126304 3400.0 3400.0 10.719114134
9235.55300818 6890.08934143 6194.13292782 169.247541719 3400.0 3400.0 10.7316805047
9238.52663606 6890.08330499 6194.18671852 169.389861329 3400.0 3400.0 10.7442468753
9241.50047129 6890.0772711 6194.24040652 169.532085226 3400.0 3400.0 10.7568132459
9244.47451349 6890.07123974 6194.2939921 169.674213502 3400.0 3400.0 10.7693796165
9247.44876227 6890.06521093 6194.34747555 169.816246248 3400.0 3400.0 10.7819459871
9250.42321724 6890.05918465 6194.40085715 169.958183555 3400.0 3400.0 10.7945123577
9253.39787802 6890.05316091 6194.45413719 170.100025516 3400.0 3400.0 10.8070787283
9256.37274423 6890.0471397 6194.50731595 170.24177222 3400.0 3400.0 10.819645099
9259.34781549 6890.04112102 6194.56039371 170.38342376 3400.0 3400.0 10.8322114696
9262.32309141 6890.03510487 6194.61337076 170.524980226 3400.0 3400.0 10.8447778402
9265.29857163 6890.02909126 6194.66624737 170.666441709 3400.0 3400.0 10.8573442108
9268.27425575 6890.02308017 6194.71902382 170.8078083 3400.0 3400.0 10.8699105814
9271.25014342 6890.0170716 6194.77170039 170.94908009 3400.0 3400.0 10.882476952
9274.22623424 6890.01106556 6194.82427735 171.090257168 3400.0 3400.0 10.8950433226
9277.20252785 6890.00506205 6194.87675499 171.231339626 3400.0 3400.0 10.9076096933
9280.17902387 6889.99906105 6194.92913358 171.372327554 3400.0 3400.0 10.9201760639
9283.15572193 6889.99306258 6194.98141339 171.513221042 3400.0 3400.0 10.9327424345
9286.13262167 6889.98706662 6195.03359469 171.65402018 3400.0 3400.0 10.9453088051
9289.1097227 6889.98107318 6195.08567776 171.794725058 3400.0 3400.0 10.9578751757
9292.08702466 6889.97508225 6195.13766287 171.935335766 3400.0 3400.0 10.9704415463
9295.06452719 6889.96909384 6195.18955028 172.075852394 3400.0 3400.0 10.9830079169
9298.04222991 6889.96310794 6195.24134028 172.216275032 3400.0 3400.0 10.9955742876
9301.02013247 6889.95712455 6195.29303311 172.356603769 3400.0 3400.0 11.0081406582
9303.9982345 6889.95114367 6195.34462906 172.496838694 3400.0 3400.0 11.0207070288
9306.97653562 6889.94516529 6195.39612838 172.636979897 3400.0 3400.0 11.0332733994
9309.9550355 6889.93918942 6195.44753135 172.777027468 3400.0 3400.0 11.04583977
9312.93373375 6889.93321605 6195.49883822 172.916981494 3400.0 3400.0 11.0584061406
9315.91263002 6889.92724519 6195.55004927 173.056842066 3400.0 3400.0 11.0709725113
9318.89172395 6889.92127683 6195.60116474 173.196609273 3400.0 3400.0 11.0835388819
9321.87101519 6889.91531096 6195.65218491 173.336283202 3400.0 3400.0 11.0961052525
9324.85050338 6889.9093476 6195.70311004 173.475863943 3400.0 3400.0 11.1086716231
9327.83018816 6889.90338673 6195.75394038 173.615351585 3400.0 3400.0 11.1212379937
9330.81006917 6889.89742835 6195.80467619 173.754746216 3400.0 3400.0 11.1338043643
9333.79014607 6889.89147247 6195.85531773 173.894047924 3400.0 3400.0 11.1463707349
9336.77041849 6889.88551908 6195.90586526 174.033256798 3400.0 3400.0 11.1589371056
9339.7508861 6889.87956817 6195.95631903 174.172372925 3400.0 3400.0 11.1715034762
9342.73154853 6889.87361976 6196.0066793 174.311396394 3400.0 3400.0 11.1840698468
9345.71240544 6889.86767383 6196.05694632 174.450327294 3400.0 3400.0 11.1966362174
9348.69345648 6889.86173039 6196.10712034 174.589165711 3400.0 3400.0 11.209202588
9351.6747013 6889.85578943 6196.15720162 174.727911733 3400.0 3400.0 11.2217689586
9354.65613955 6889.84985096 6196.20719041 174.866565449 3400.0 3400.0 11.2343353292
9357.6377709 6889.84391496 6196.25708696 175.005126945 3400.0 3400.0 11.2469016999
9360.61959499 6889.83798144 6196.30689152 175.14359631 3400.0 3400.0 11.2594680705
9363.60161148 6889.8320504 6196.35660433 175.28197363 3400.0 3400.0 11.2720344411
9366.58382002 6889.82612184 6196.40622565 175.420258993 3400.0 3400.0 11.2846008117
9369.56622029 6889.82019575 6196.45575572 175.558452486 3400.0 3400.0 11.2971671823
9372.54881193 6889.81427213 6196.50519479 175.696554196 3400.0 3400.0 11.3097335529
9375.53159461 6889.80835099 6196.55454311 175.83456421 3400.0 3400.0 11.3222999235
9378.51456798 6889.80243231 6196.60380091 175.972482614 3400.0 3400.0 11.3348662942
9381.49773172 6889.7965161 6196.65296844 176.110309496 3400.0 3400.0 11.3474326648
9384.48108548 6889.79060236 6196.70204594 176.248044942 3400.0 3400.0 11.3599990354
9387.46462892 6889.78469108 6196.75103366 176.385689039 3400.0 3400.0 11.372565406
9390.44836172 6889.77878227 6196.79993183 176.523241872 3400.0 3400.0 11.3851317766
9393.43228354 6889.77287592 6196.84874071 176.660703529 3400.0 3400.0 11.3976981472
9396.41639404 6889.76697203 6196.89746051 176.798074095 3400.0 3400.0 11.4102645178
9399.40069289 6889.7610706 6196.94609149 176.935353657 3400.0 3400.0 11.4228308885
9402.38517977 6889.75517162 6196.99463389 177.0725423 3400.0 3400.0 11.4353972591
9405.36985434 6889.7492751 6197.04308793 177.209640111 3400.0 3400.0 11.4479636297
9408.35471627 6889.74338104 6197.09145385 177.346647176 3400.0 3400.0 11.4605300003
9411.33976524 6889.73748943 6197.13973189 177.483563579 3400.0 3400.0 11.4730963709
9414.32500092 6889.73160026 6197.18792229 177.620389407 3400.0 3400.0 11.4856627415
9417.31042298 6889.72571355 6197.23602527 177.757124745 3400.0 3400.0 11.4982291121
9420.29603109 6889.71982929 6197.28404108 177.893769678 3400.0 3400.0 11.5107954828
9089.90855357 6939.71679278 6199.47563176 168.064240307 3500.0 3500.0 9.9776982678
9092.8545344 6939.70998537 6199.54216152 168.219748408 3500.0 3500.0 9.99026463842
9095.80076335 6939.70318085 6199.60855908 168.375150615 3500.0 3500.0 10.002831009
9098.74723994 6939.69637923 6199.67482481 168.530447028 3500.0 3500.0 10.0153973796
9101.69396367 6939.68958051 6199.74095909 168.68563775 3500.0 3500.0 10.0279637503
9104.64093404 6939.68278467 6199.80696232 168.840722883 3500.0 3500.0 10.0405301209
9107.58815058 6939.67599172 6199.87283485 168.995702529 3500.0 3500.0 10.0530964915
9110.53561278 6939.66920167 6199.93857708 169.150576788 3500.0 3500.0 10.0656628621
9113.48332017 6939.66241449 6200.00418937 169.305345763 3500.0 3500.0 10.0782292327
9116.43127226 6939.6556302 6200.06967211 169.460009555 3500.0 3500.0 10.0907956033
9119.37946857 6939.6488488 6200.13502566 169.614568265 3500.0 3500.0 10.1033619739
9122.32790861 6939.64207027 6200.2002504 169.769021994 3500.0 3500.0 10.1159283446
9125.2765919 6939.63529463 6200.26534669 169.923370844 3500.0 3500.0 10.1284947152
9128.22551798 6939.62852185 6200.33031491 170.077614915 3500.0 3500.0 10.1410610858
9131.17468635 6939.62175196 6200.39515542 170.231754308 3500.0 3500.0 10.1536274564
9134.12409655 6939.61498494 6200.45986859 170.385789124 3500.0 3500.0 10.166193827
9137.07374809 6939.60822079 6200.52445478 170.539719463 3500.0 3500.0 10.1787601976
9140.02364051 6939.6014595 6200.58891435 170.693545426 3500.0 3500.0 10.1913265682
9142.97377334 6939.59470109 6200.65324768 170.847267113 3500.0 3500.0 10.2038929389
9145.92414611 6939.58794554 6200.71745511 171.000884624 3500.0 3500.0 10.2164593095
9148.87475834 6939.58119286 6200.78153702 171.154398059 3500.0 3500.0 10.2290256801
9151.82560957 6939.57444304 6200.84549375 171.307807518 3500.0 3500.0 10.2415920507
9154.77669934 6939.56769607 6200.90932566 171.461113101 3500.0 3500.0 10.2541584213
9157.72802718 6939.56095197 6200.97303311 171.614314908 3500.0 3500.0 10.2667247919
9160.67959263 6939.55421073 6201.03661645 171.767413037 3500.0 3500.0 10.2792911625
9163.63139523 6939.54747233 6201.10007604 171.92040759 3500.0 3500.0 10.2918575332
9166.58343452 6939.5407368 6201.16341222 172.073298664 3500.0 3500.0 10.3044239038
9169.53571003 6939.53400411 6201.22662535 172.22608636 3500.0 3500.0 10.3169902744
9172.48822133 6939.52727427 6201.28971577 172.378770776 3500.0 3500.0 10.329556645
9175.44096794 6939.52054728 6201.35268384 172.531352011 3500.0 3500.0 10.3421230156
9178.39394941 6939.51382314 6201.4155299 172.683830165 3500.0 3500.0 10.3546893862
9181.3471653 6939.50710184 6201.47825429 172.836205335 3500.0 3500.0 10.3672557568
9184.30061515 6939.50038338 6201.54085735 172.98847762 3500.0 3500.0 10.3798221275
9187.25429851 6939.49366776 6201.60333944 173.14064712 3500.0 3500.0 10.3923884981
9190.20821494 6939.48695499 6201.66570089 173.292713932 3500.0 3500.0 10.4049548687
9193.16236398 6939.48024505 6201.72794204 173.444678155 3500.0 3500.0 10.4175212393
9196.11674519 6939.47353794 6201.79006323 173.596539886 3500.0 3500.0 10.4300876099
9199.07135813 6939.46683367 6201.85206479 173.748299224 3500.0 3500.0 10.4426539805
9202.02620235 6939.46013223 6201.91394707 173.899956267 3500.0 3500.0 10.4552203511
9204.98127742 6939.45343361 6201.9757104 174.051511113 3500.0 3500.0 10.4677867218
9207.93658289 6939.44673783 6202.03735511 174.202963858 3500.0 3500.0 10.4803530924
9210.89211832 6939.44004487 6202.09888153 174.354314602 3500.0 3500.0 10.492919463
9213.84788328 6939.43335474 6202.16029 174.505563441 3500.0 3500.0 10.5054858336
9216.80387732 6939.42666743 6202.22158085 174.656710472 3500.0 3500.0 10.5180522042
9219.76010003 6939.41998294 6202.2827544 174.807755793 3500.0 3500.0 10.5306185748
9222.71655095 6939.41330127 6202.34381098 174.9586995 3500.0 3500.0 10.5431849454
9225.67322967 6939.40662242 6202.40475093 175.109541692 3500.0 3500.0 10.5557513161
9228.63013574 6939.39994638 6202.46557456 175.260282464 3500.0 3500.0 10.5683176867
9231.58726874 6939.39327316 6202.52628219 175.410921914 3500.0 3500.0 10.5808840573
9234.54462825 6939.38660274 6202.58687416 175.561460138 3500.0 3500.0 10.5934504279
9237.50221383 6939.37993514 6202.64735078 175.711897232 3500.0 3500.0 10.6060167985
9240.46002506 6939.37327035 6202.70771238 175.862233294 3500.0 3500.0 10.6185831691
9243.41806151 6939.36660836 6202.76795927 176.012468418 3500.0 3500.0 10.6311495397
9246.37632276 6939.35994918 6202.82809177 176.162602702 3500.0 3500.0 10.6437159104
9249.33480839 6939.3532928 6202.8881102 176.312636242 3500.0 3500.0 10.656282281
9252.29351799 6939.34663922 6202.94801488 176.462569133 3500.0 3500.0 10.6688486516
9255.25245112 6939.33998845 6203.00780612 176.612401472 3500.0 3500.0 10.6814150222
9258.21160737 6939.33334047 6203.06748423 176.762133353 3500.0 3500.0 10.6939813928
9261.17098633 6939.32669528 6203.12704953 176.911764873 3500.0 3500.0 10.7065477634
9264.13058758 6939.32005289 6203.18650233 177.061296127 3500.0 3500.0 10.719114134
9267.0904107 6939.31341329 6203.24584293 177.210727211 3500.0 3500.0 10.7316805047
9270.05045529 6939.30677649 6203.30507165 177.360058219 3500.0 3500.0 10.7442468753
9273.01072092 6939.30014247 6203.3641888 177.509289247 3500.0 3500.0 10.7568132459
9275.9712072 6939.29351124 6203.42319469 177.65842039 3500.0 3500.0 10.7693796165
9278.93191371 6939.28688279 6203.48208961 177.807451743 3500.0 3500.0 10.7819459871
9281.89284003 6939.28025713 6203.54087388 177.9563834 3500.0 3500.0 10.7945123577
8988.74327507 6990.36564632 6204.73979756 168.01927264 3600.0 3600.0 9.39964521954
8991.66166432 6990.35804104 6204.81967757 168.187308793 3600.0 3600.0 9.41221159016
8994.580343 6990.35043903 6204.89939458 168.355229591 3600.0 3600.0 9.42477796077
8997.49931051 6990.34284027 6204.97894908 168.523035145 3600.0 3600.0 9.43734433138
9000.41856625 6990.33524476 6205.05834154 168.690725566 3600.0 3600.0 9.449910702
9003.33810961 6990.32765251 6205.13757245 168.858300966 3600.0 3600.0 9.46247707261
9006.25794 6990.32006352 6205.21664228 169.025761455 3600.0 3600.0 9.47504344323
9009.17805683 6990.31247777 6205.29555151 169.193107145 3600.0 3600.0 9.48760981384
9012.0984595 6990.30489528 6205.3743006 169.360338148 3600.0 3600.0 9.50017618446
9015.01914741 6990.29731603 6205.45289004 169.527454572 3600.0 3600.0 9.51274255507
9017.94011998 6990.28974002 6205.53132028 169.69445653 3600.0 3600.0 9.52530892568
9020.86137662 6990.28216726 6205.6095918 169.861344132 3600.0 3600.0 9.5378752963
9023.78291674 6990.27459773 6205.68770507 170.028117488 3600.0 3600.0 9.55044166691
9026.70473976 6990.26703145 6205.76566054 170.194776708 3600.0 3600.0 9.56300803753
9029.6268451 6990.2594684 6205.84345868 170.361321902 3600.0 3600.0 9.57557440814
9032.54923217 6990.25190859 6205.92109995 170.527753181 3600.0 3600.0 9.58814077876
9035.4719004 6990.244352 6205.99858481 170.694070654 3600.0 3600.0 9.60070714937
9038.39484921 6990.23679865 6206.07591371 170.86027443 3600.0 3600.0 9.61327351998
9041.31807802 6990.22924853 6206.15308712 171.026364621 3600.0 3600.0 9.6258398906
9044.24158626 6990.22170163 6206.23010548 171.192341334 3600.0 3600.0 9.63840626121
9047.16537337 6990.21415795 6206.30696925 171.35820468 3600.0 3600.0 9.65097263183
9050.08943876 6990.2066175 6206.38367888 171.523954767 3600.0 3600.0 9.66353900244
9053.01378188 6990.19908026 6206.46023481 171.689591704 3600.0 3600.0 9.67610537306
9055.93840216 6990.19154625 6206.5366375 171.855115601 3600.0 3600.0 9.68867174367
9058.86329903 6990.18401544 6206.61288739 172.020526567 3600.0 3600.0 9.70123811429
9061.78847194 6990.17648786 6206.68898491 172.185824709 3600.0 3600.0 9.7138044849
9064.71392031 6990.16896348 6206.76493053 172.351010136 3600.0 3600.0 9.72637085551
9067.6396436 6990.16144231 6206.84072466 172.516082958 3600.0 3600.0 9.73893722613
9070.56564125 6990.15392435 6206.91636776 172.681043281 3600.0 3600.0 9.75150359674
9073.49191269 6990.1464096 6206.99186026 172.845891215 3600.0 3600.0 9.76406996736
9076.41845739 6990.13889805 6207.06720259 173.010626867 3600.0 3600.0 9.77663633797
9079.34527478 6990.1313897 6207.14239519 173.175250346 3600.0 3600.0 9.78920270859
9082.27236432 6990.12388455 6207.21743849 173.339761758 3600.0 3600.0 9.8017690792
9085.19972546 6990.11638259 6207.29233293 173.504161212 3600.0 3600.0 9.81433544981
9088.12735766 6990.10888383 6207.36707892 173.668448815 3600.0 3600.0 9.82690182043
9091.05526036 6990.10138827 6207.4416769 173.832624674 3600.0 3600.0 9.83946819104
9093.98343303 6990.09389589 6207.51612729 173.996688897 3600.0 3600.0 9.85203456166
9096.91187512 6990.0864067 6207.59043053 174.160641591 3600.0 3600.0 9.86460093227
9099.8405861 6990.0789207 6207.66458702 174.324482862 3600.0 3600.0 9.87716730289
9102.76956543 6990.07143789 6207.73859719 174.488212819 3600.0 3600.0 9.8897336735
9105.69881258 6990.06395826 6207.81246146 174.651831566 3600.0 3600.0 9.90230004412
9108.628327 6990.05648181 6207.88618025 174.815339212 3600.0 3600.0 9.91486641473
9111.55810817 6990.04900854 6207.95975397 174.978735862 3600.0 3600.0 9.92743278534
9114.48815556 6990.04153844 6208.03318305 175.142021623 3600.0 3600.0 9.93999915596
9117.41846863 6990.03407152 6208.10646788 175.305196601 3600.0 3600.0 9.95256552657
9120.34904686 6990.02660777 6208.17960889 175.468260902 3600.0 3600.0 9.96513189719
9123.27988972 6990.0191472 6208.25260648 175.631214632 3600.0 3600.0 9.9776982678
9126.2109967 6990.01168979 6208.32546107 175.794057897 3600.0 3600.0 9.99026463842
9129.14236726 6990.00423555 6208.39817306 175.956790803 3600.0 3600.0 10.002831009
9132.07400089 6989.99678447 6208.47074285 176.119413455 3600.0 3600.0 10.0153973796
9135.00589707 6989.98933655 6208.54317085 176.281925959 3600.0 3600.0 10.0279637503
9137.93805527 6989.9818918 6208.61545746 176.44432842 3600.0 3600.0 10.0405301209
9140.87047499 6989.97445021 6208.68760309 176.606620944 3600.0 3600.0 10.0530964915
9143.80315571 6989.96701177 6208.75960813 176.768803635 3600.0 3600.0 10.0656628621
9146.73609692 6989.95957648 6208.83147298 176.930876598 3600.0 3600.0 10.0782292327
9149.6692981 6989.95214435 6208.90319804 177.092839938 3600.0 3600.0 10.0907956033
9152.60275874 6989.94471537 6208.97478371 177.25469376 3600.0 3600.0 10.1033619739
9155.53647835 6989.93728954 6209.04623037 177.416438169 3600.0 3600.0 10.1159283446
9158.47045641 6989.92986686 6209.11753842 177.578073269 3600.0 3600.0 10.1284947152
9161.40469241 6989.92244731 6209.18870826 177.739599164 3600.0 3600.0 10.1410610858
9164.33918586 6989.91503092 6209.25974026 177.901015959 3600.0 3600.0 10.1536274564
8907.99052562 7042.05342279 6209.56453865 168.140154879 3700.0 3700.0 8.89699039497
8910.88008811 7042.04497579 6209.65898838 168.320682249 3700.0 3700.0 8.90955676558
8913.76998397 7042.03653243 6209.75324157 168.501084943 3700.0 3700.0 8.9221231362
8916.66021248 7042.02809271 6209.84729881 168.68136308 3700.0 3700.0 8.93468950681
8919.55077294 7042.01965663 6209.94116068 168.861516782 3700.0 3700.0 8.94725587742
8922.44166462 7042.01122419 6210.03482777 169.041546169 3700.0 3700.0 8.95982224804
8925.33288681 7042.00279538 6210.12830066 169.221451361 3700.0 3700.0 8.97238861865
8928.22443879 7041.99437021 6210.22157994 169.401232479 3700.0 3700.0 8.98495498927
8931.11631986 7041.98594867 6210.31466617 169.580889641 3700.0 3700.0 8.99752135988
8934.00852931 7041.97753075 6210.40755994 169.760422969 3700.0 3700.0 9.0100877305
8936.90106644 7041.96911647 6210.50026182 169.939832582 3700.0 3700.0 9.02265410111
8939.79393055 7041.9607058 6210.59277239 170.119118598 3700.0 3700.0 9.03522047172
8942.68712092 7041.95229876 6210.6850922 170.298281139 3700.0 3700.0 9.04778684234
8945.58063688 7041.94389533 6210.77722183 170.477320322 3700.0 3700.0 9.06035321295
8948.47447771 7041.93549553 6210.86916184 170.656236268 3700.0 3700.0 9.07291958357
8951.36864274 7041.92709933 6210.9609128 170.835029094 3700.0 3700.0 9.08548595418
8954.26313126 7041.91870675 6211.05247527 171.01369892 3700.0 3700.0 9.0980523248
8957.1579426 7041.91031778 6211.1438498 171.192245865 3700.0 3700.0 9.11061869541
8960.05307605 7041.90193241 6211.23503695 171.370670046 3700.0 3700.0 9.12318506602
8962.94853095 7041.89355065 6211.32603728 171.548971583 3700.0 3700.0 9.13575143664
8965.84430661 7041.8851725 6211.41685133 171.727150594 3700.0 3700.0 9.14831780725
8968.74040234 7041.87679794 6211.50747967 171.905207196 3700.0 3700.0 9.16088417787
8971.63681748 7041.86842698 6211.59792283 172.083141508 3700.0 3700.0 9.17345054848
8974.53355135 7041.86005962 6211.68818137 172.260953648 3700.0 3700.0 9.1860169191
8977.43060327 7041.85169585 6211.77825582 172.438643733 3700.0 3700.0 9.19858328971
8980.32797258 7041.84333567 6211.86814673 172.616211881 3700.0 3700.0 9.21114966033
8983.22565861 7041.83497908 6211.95785463 172.793658209 3700.0 3700.0 9.22371603094
8986.12366068 7041.82662607 6212.04738008 172.970982834 3700.0 3700.0 9.23628240155
8989.02197815 7041.81827665 6212.13672359 173.148185874 3700.0 3700.0 9.24884877217
8991.92061034 7041.80993082 6212.22588571 173.325267446 3700.0 3700.0 9.26141514278
8994.81955659 7041.80158856 6212.31486697 173.502227666 3700.0 3700.0 9.2739815134
8997.71881626 7041.79324988 6212.4036679 173.679066652 3700.0 3700.0 9.28654788401
9000.61838868 7041.78491477 6212.49228902 173.855784519 3700.0 3700.0 9.29911425463
9003.5182732 7041.77658324 6212.58073086 174.032381385 3700.0 3700.0 9.31168062524
9006.41846917 7041.76825527 6212.66899395 174.208857365 3700.0 3700.0 9.32424699585
9009.31897594 7041.75993088 6212.7570788 174.385212575 3700.0 3700.0 9.33681336647
9012.21979287 7041.75161005 6212.84498594 174.561447133 3700.0 3700.0 9.34937973708
9015.1209193 7041.74329279 6212.93271588 174.737561153 3700.0 3700.0 9.3619461077
9018.02235461 7041.73497908 6213.02026915 174.913554751 3700.0 3700.0 9.37451247831
9020.92409814 7041.72666894 6213.10764624 175.089428043 3700.0 3700.0 9.38707884893
9023.82614926 7041.71836235 6213.19484769 175.265181145 3700.0 3700.0 9.39964521954
9026.72850734 7041.71005931 6213.28187399 175.440814172 3700.0 3700.0 9.41221159016
9029.63117173 7041.70175983 6213.36872565 175.616327238 3700.0 3700.0 9.42477796077
9032.53414182 7041.6934639 6213.45540319 175.79172046 3700.0 3700.0 9.43734433138
9035.43741695 7041.68517151 6213.5419071 175.966993951 3700.0 3700.0 9.449910702
9038.34099652 7041.67688267 6213.62823789 176.142147828 3700.0 3700.0 9.46247707261
9041.24487989 7041.66859738 6213.71439606 176.317182203 3700.0 3700.0 9.47504344323
8838.72590552 7094.77583796 6213.73945844 168.0286251 3800.0 3800.0 8.43203468224
9044.14906644 7041.66031562 6213.80038211 176.492097193 3700.0 3700.0 9.48760981384
8841.58478402 7094.76649756 6213.85004535 168.221855823 3800.0 3800.0 8.44460105285
9047.05355554 7041.65203741 6213.88619653 176.666892911 3700.0 3700.0 9.50017618446
8844.44404354 7094.7571612 6213.96039862 168.414952458 3800.0 3800.0 8.45716742346
9049.95834659 7041.64376273 6213.97183983 176.841569472 3700.0 3700.0 9.51274255507
9052.86343895 7041.63549158 6214.05731249 177.016126989 3700.0 3700.0 9.52530892568
8847.30368321 7094.74782889 6214.07051897 168.607915135 3800.0 3800.0 8.46973379408
9055.76883201 7041.62722396 6214.142615 177.190565577 3700.0 3700.0 9.5378752963
8850.16370219 7094.73850064 6214.18040708 168.800743983 3800.0 3800.0 8.48230016469
9058.67452516 7041.61895988 6214.22774786 177.364885349 3700.0 3700.0 9.55044166691
8853.02409965 7094.72917642 6214.29006368 168.993439132 3800.0 3800.0 8.49486653531
9061.58051779 7041.61069932 6214.31271155 177.53908642 3700.0 3700.0 9.56300803753
9064.48680928 7041.60244229 6214.39750657 177.713168903 3700.0 3700.0 9.57557440814
8855.88487473 7094.71985625 6214.39948944 169.18600071 3800.0 3800.0 8.50743290592
9067.39339903 7041.59418878 6214.48213338 177.88713291 3700.0 3700.0 9.58814077876
8858.74602661 7094.71054012 6214.50868507 169.378428847 3800.0 3800.0 8.51999927654
8861.60755445 7094.70122802 6214.61765127 169.570723672 3800.0 3800.0 8.53256564715
8864.46945742 7094.69191996 6214.72638871 169.762885314 3800.0 3800.0 8.54513201776
8867.33173468 7094.68261593 6214.8348981 169.954913901 3800.0 3800.0 8.55769838838
8870.19438542 7094.67331593 6214.94318011 170.146809561 3800.0 3800.0 8.57026475899
8873.05740881 7094.66401995 6215.05123543 170.338572424 3800.0 3800.0 8.58283112961
8875.92080403 7094.654728 6215.15906473 170.530202617 3800.0 3800.0 8.59539750022
8878.78457026 7094.64544007 6215.2666687 170.721700268 3800.0 3800.0 8.60796387084
8881.6487067 7094.63615616 6215.37404801 170.913065505 3800.0 3800.0 8.62053024145
8884.51321252 7094.62687626 6215.48120333 171.104298456 3800.0 3800.0 8.63309661206
8887.37808691 7094.61760038 6215.58813533 171.295399249 3800.0 3800.0 8.64566298268
8890.24332908 7094.6083285 6215.69484468 171.48636801 3800.0 3800.0 8.65822935329
8893.10893821 7094.59906064 6215.80133204 171.677204867 3800.0 3800.0 8.67079572391
8895.97491351 7094.58979678 6215.90759808 171.867909948 3800.0 3800.0 8.68336209452
8898.84125418 7094.58053692 6216.01364345 172.058483378 3800.0 3800.0 8.69592846514
8901.70795942 7094.57128107 6216.11946881 172.248925286 3800.0 3800.0 8.70849483575
8904.57502844 7094.56202921 6216.22507482 172.439235797 3800.0 3800.0 8.72106120637
8907.44246044 7094.55278135 6216.33046212 172.629415038 3800.0 3800.0 8.73362757698
8910.31025465 7094.54353747 6216.43563137 172.819463136 3800.0 3800.0 8.74619394759
8913.17841027 7094.53429759 6216.54058322 173.009380217 3800.0 3800.0 8.75876031821
8916.04692653 7094.5250617 6216.6453183 173.199166406 3800.0 3800.0 8.77132668882
8918.91580264 7094.51582979 6216.74983727 173.38882183 3800.0 3800.0 8.78389305944
8921.78503782 7094.50660186 6216.85414075 173.578346615 3800.0 3800.0 8.79645943005
9133.23305792 8471.15823757 6216.86050474 168.415950941 6000.0 6000.0 4.18460141458
8924.6546313 7094.49737792 6216.95822939 173.767740886 3800.0 3800.0 8.80902580067
8927.52458232 7094.48815795 6217.06210383 173.957004768 3800.0 3800.0 8.82159217128
8930.39489009 7094.47894195 6217.16576469 174.146138388 3800.0 3800.0 8.83415854189
8933.26555385 7094.46972993 6217.26921261 174.335141869 3800.0 3800.0 8.84672491251
8936.13657284 7094.46052188 6217.37244821 174.524015337 3800.0 3800.0 8.85929128312
9135.36942087 8471.11888087 6217.3815607 168.868832317 6000.0 6000.0 4.1971677852
8939.00794629 7094.45131779 6217.47547212 174.712758918 3800.0 3800.0 8.87185765374
8786.48068362 7148.48703424 6217.53573781 168.173527589 3900.0 3900.0 8.02991082258
8941.87967345 7094.44211767 6217.57828496 174.901372735 3800.0 3800.0 8.88442402435
8789.30808934 7148.47675911 6217.66335775 168.379311967 3900.0 3900.0 8.04247719319
8944.75175355 7094.4329215 6217.68088735 175.089856914 3800.0 3800.0 8.89699039497
8947.62418585 7094.4237293 6217.78327992 175.278211579 3800.0 3800.0 8.90955676558
8792.13592466 7148.46648845 6217.79070573 168.584953113 3900.0 3900.0 8.0550435638
8950.4969696 7094.41454106 6217.88546327 175.466436853 3800.0 3800.0 8.9221231362
9137.50679545 8471.07954115 6217.90193577 169.3214236 6000.0 6000.0 4.20973415581
8794.96418863 7148.45622227 6217.91778256 168.790451166 3900.0 3900.0 8.06760993442
8953.37010403 7094.40535677 6217.98743802 175.654532862 3800.0 3800.0 8.93468950681
8797.79288026 7148.44596056 6218.04458907 168.995806265 3900.0 3900.0 8.08017630503
8956.2435884 7094.39617643 6218.08920479 175.842499729 3800.0 3800.0 8.94725587742
9081.47274911 8401.08988737 6218.09771727 168.085096441 5900.0 5900.0 4.25999963827
8800.62199859 7148.43570332 6218.17112607 169.201018547 3900.0 3900.0 8.09274267565
8959.11742198 7094.38700004 6218.19076418 176.030337579 3800.0 3800.0 8.95982224804
8961.99160402 7094.37782759 6218.29211679 176.218046534 3800.0 3800.0 8.97238861865
8803.45154265 7148.42545055 6218.29739438 169.40608815 3900.0 3900.0 8.10530904626
8964.86613377 7094.36865909 6218.39326325 176.405626718 3800.0 3800.0 8.98495498927
9139.64518049 8471.04021842 6218.42163084 169.773725014 6000.0 6000.0 4.22230052642
8806.28151148 7148.41520224 6218.42339481 169.611015211 3900.0 3900.0 8.11787541688
8967.7410105 7094.35949453 6218.49420413 176.593078255 3800.0 3800.0 8.99752135988
8809.11190413 7148.40495838 6218.54912816 169.815799868 3900.0 3900.0 8.13044178749
8970.61623347 7094.35033392 6218.59494005 176.780401269 3800.0 3800.0 9.0100877305
9083.63541898 8401.05223422 6218.60537037 168.527782812 5900.0 5900.0 4.27256600888
8811.94271963 7148.39471899 6218.67459524 170.020442258 3900.0 3900.0 8.1430081581
8973.49180196 7094.34117723 6218.69547161 176.967595881 3800.0 3800.0 9.02265410111
8976.36771523 7094.33202448 6218.7957994 177.154662216 3800.0 3800.0 9.03522047172
8814.77395703 7148.38448405 6218.79979686 170.224942518 3900.0 3900.0 8.15557452872
8979.24397256 7094.32287566 6218.89592401 177.341600396 3800.0 3800.0 9.04778684234
8817.60561539 7148.37425356 6218.92473381 170.429300785 3900.0 3900.0 8.16814089933
9141.78457485 8471.00091266 6218.9406468 170.225736784 6000.0 6000.0 4.23486689704
8982.12057321 7094.31373077 6218.99584603 177.528410544 3800.0 3800.0 9.06035321295
8820.43769376 7148.36402752 6219.04940689 170.633517196 3900.0 3900.0 8.18070726995
8984.99751647 7094.30458981 6219.09556606 177.715092782 3800.0 3800.0 9.07291958357
9085.79910218 8401.01459736 6219.11233511 168.970183632 5900.0 5900.0 4.2851323795
8823.2701912 7148.35380592 6219.17381688 170.837591887 3900.0 3900.0 8.19327364056
8987.87480161 7094.29545277 6219.19508468 177.901647232 3800.0 3800.0 9.08548595418
8826.10310677 7148.34358877 6219.29796458 171.041524995 3900.0 3900.0 8.20584001118
8828.93643953 7148.33337606 6219.42185078 171.245316656 3900.0 3900.0 8.21840638179
9143.92497738 8470.96162386 6219.45898454 170.677459133 6000.0 6000.0 4.24743326765
8831.77018855 7148.32316778 6219.54547626 171.448967007 3900.0 3900.0 8.23097275241
9087.9637975 8400.97697681 6219.61861246 169.412299125 5900.0 5900.0 4.29769875011
9032.89422234 8331.6015754 6219.62094575 168.030335644 5800.0 5800.0 4.34796423257
8834.6043529 7148.31296394 6219.6688418 171.652476182 3900.0 3900.0 8.24353912302
8837.43893165 7148.30276453 6219.79194818 171.855844318 3900.0 3900.0 8.25610549363
8840.27392389 7148.29256955 6219.91479617 172.059071551 3900.0 3900.0 8.26867186425
9146.06638693 8470.92235201 6219.97664496 171.128892284 6000.0 6000.0 4.25999963827
8843.10932868 7148.28237899 6220.03738654 172.262158016 3900.0 3900.0 8.28123823486
9035.08461363 8331.56561094 6220.11412371 168.462488033 5800.0 5800.0 4.36053060318
9090.12950372 8400.93937254 6220.12420338 169.854129514 5900.0 5900.0 4.31026512073
8845.94514512 7148.27219285 6220.15972007 172.465103848 3900.0 3900.0 8.29380460548
8848.78137228 7148.26201114 6220.28179752 172.667909183 3900.0 3900.0 8.30637097609
8851.61800926 7148.25183384 6220.40361965 172.870574155 3900.0 3900.0 8.31893734671
9148.20880235 8470.8830971 6220.49362894 171.580036462 6000.0 6000.0 4.27256600888
8854.45505515 7148.24166095 6220.52518722 173.0730989 3900.0 3900.0 8.33150371732
9037.27601737 8331.52966211 6220.60660807 168.894359764 5800.0 5800.0 4.3730969738
9092.29621962 8400.90178455 6220.62910882 170.295675023 5900.0 5900.0 4.32283149134
8857.29250904 7148.23149248 6220.64650099 173.275483551 3900.0 3900.0 8.34407008793
8742.51634706 7203.18901838 6220.66781541 168.079189384 4000.0 4000.0 7.65291970414
8860.13037003 7148.22132841 6220.76756172 173.477728245 3900.0 3900.0 8.35663645855
8745.31064281 7203.17775701 6220.81385687 168.297700778 4000.0 4000.0 7.66548607476
8862.96863723 7148.21116875 6220.88837016 173.679833114 3900.0 3900.0 8.36920282916
8748.10541927 7203.16650057 6220.95958561 168.516059761 4000.0 4000.0 7.67805244537
8865.80730973 7148.2010135 6221.00892705 173.881798293 3900.0 3900.0 8.38176919978
9150.35222249 8470.84385911 6221.00993738 172.030891888 6000.0 6000.0 4.2851323795
9039.46843227 8331.49372888 6221.09839987 169.32595106 5800.0 5800.0 4.38566334441
8750.90067533 7203.15524905 6221.10500259 168.73426648 4000.0 4000.0 7.69061881599
8868.64638665 7148.19086264 6221.12923314 174.083623917 3900.0 3900.0 8.39433557039
9094.46394398 8400.86421283 6221.13332975 170.736935875 5900.0 5900.0 4.33539786195
8871.48586709 7148.18071617 6221.24928918 174.285310118 3900.0 3900.0 8.40690194101
8753.69640989 7203.14400246 6221.25010874 168.952321081 4000.0 4000.0 7.7031851866
8874.32575016 7148.17057411 6221.3690959 174.486857032 3900.0 3900.0 8.41946831162
8987.60573794 8262.71267042 6221.37697459 168.218879823 5700.0 5700.0 4.44849519748
8756.49262186 7203.13276077 6221.394905 169.170223711 4000.0 4000.0 7.71575155722
8877.16603499 7148.16043643 6221.48865405 174.68826479 3900.0 3900.0 8.43203468224
9152.49664621 8470.80463805 6221.52557117 172.481458788 6000.0 6000.0 4.29769875011
8759.28931013 7203.12152401 6221.5393923 169.387974516 4000.0 4000.0 7.72831792783
9041.66185705 8331.45781126 6221.58950012 169.757262143 5800.0 5800.0 4.39822971503
8880.00672068 7148.15030314 6221.60796436 174.889533528 3900.0 3900.0 8.44460105285
9096.63267559 8400.82665736 6221.63686713 171.177912293 5900.0 5900.0 4.34796423257
8762.08647363 7203.11029215 6221.68357156 169.60557364 4000.0 4000.0 7.74088429845
8882.84780637 7148.14017424 6221.72702755 175.090663378 3900.0 3900.0 8.45716742346
8764.88411127 7203.0990652 6221.82744373 169.823021231 4000.0 4000.0 7.75345066906
8885.68929118 7148.13004972 6221.84584437 175.291654473 3900.0 3900.0 8.46973379408
8989.82524144 8262.67837682 6221.85460443 168.640178488 5700.0 5700.0 4.4610615681
8888.53117423 7148.11992958 6221.96441554 175.492506947 3900.0 3900.0 8.48230016469
8767.68222196 7203.08784315 6221.97100971 170.040317434 4000.0 4000.0 7.76601703967
9154.64207235 8470.76543388 6222.0405312 172.931737382 6000.0 6000.0 4.31026512073
9043.85629041 8331.42190922 6222.07990987 170.188293237 5800.0 5800.0 4.41079608564
8891.37345465 7148.10981381 6222.08274178 175.693220931 3900.0 3900.0 8.49486653531
8770.48080462 7203.076626 6222.11427042 170.257462394 4000.0 4000.0 7.77858341029
9098.80241323 8400.78911813 6222.13972191 171.618604499 5900.0 5900.0 4.36053060318
8894.21613158 7148.09970242 6222.20082381 175.893796559 3900.0 3900.0 8.50743290592
8773.27985819 7203.06541375 6222.25722679 170.474456255 4000.0 4000.0 7.7911497809
8897.05920415 7148.0895954 6222.31866235 176.094233964 3900.0 3900.0 8.51999927654
8992.0457536 8262.64409816 6222.33153797 169.061201734 5700.0 5700.0 4.47362793871
8776.07938158 7203.05420639 6222.39987972 170.691299164 4000.0 4000.0 7.80371615152
8899.90267151 7148.07949275 6222.43625812 176.294533277 3900.0 3900.0 8.53256564715
8778.87937374 7203.04300393 6222.54223013 170.907991265 4000.0 4000.0 7.81628252213
8902.74653278 7148.06939447 6222.55361183 176.49469463 3900.0 3900.0 8.54513201776
9156.78849976 8470.72624662 6222.55481835 173.381727895 6000.0 6000.0 4.32283149134
9046.05173109 8331.38602277 6222.56963013 170.619044564 5800.0 5800.0 4.42336245625
9100.9731557 8400.75159514 6222.64189505 172.059012718 5900.0 5900.0 4.3730969738
8905.59078713 7148.05930054 6222.67072419 176.694718157 3900.0 3900.0 8.55769838838
8781.6798336 7203.03180635 6222.68427891 171.124532703 4000.0 4000.0 7.82884889275
8908.43543369 7148.04921098 6222.78759591 176.894603988 3900.0 3900.0 8.57026475899
8994.26727305 8262.60983442 6222.8077763 169.481949785 5700.0 5700.0 4.48619430933
8784.48076009 7203.02061366 6222.82602697 171.340923622 4000.0 4000.0 7.84141526336
8943.47192293 8194.47538982 6222.84660688 168.2066533 5600.0 5600.0 4.5490261624
8911.28047162 7148.03912578 6222.9042277 177.094352255 3900.0 3900.0 8.58283112961
8787.28215216 7203.00942584 6222.96747521 171.557164166 4000.0 4000.0 7.85398163397
8914.12590007 7148.02904492 6223.02062026 177.293963091 3900.0 3900.0 8.59539750022
9048.24817779 8331.35015188 6223.05866193 171.049516346 5800.0 5800.0 4.43592882687
9158.93592731 8470.68707623 6223.06843351 173.831430548 6000.0 6000.0 4.33539786195
8790.08400876 7202.99824291 6223.10862452 171.773254481 4000.0 4000.0 7.86654800459
8916.97171819 7148.01896842 6223.13677428 177.493436626 3900.0 3900.0 8.60796387084
9103.14490176 8400.71408838 6223.1433875 172.49913717 5900.0 5900.0 4.38566334441
8792.88632884 7202.98706485 6223.24947579 171.989194709 4000.0 4000.0 7.8791143752
8919.81792515 7148.00889627 6223.25269047 177.692772991 3900.0 3900.0 8.62053024145
8996.48979845 8262.57558559 6223.28332052 169.902422863 5700.0 5700.0 4.49876067994
8945.72088537 8194.44273203 6223.30832781 168.617069488 5600.0 5600.0 4.56159253301
8709.49604092 7258.84587224 6223.31960259 168.028494537 4100.0 4100.0 7.31362769756
8922.6645201 7147.99882847 6223.36836953 177.891972319 3900.0 3900.0 8.63309661206
8795.68911134 7202.97589166 6223.39002992 172.204984994 4000.0 4000.0 7.89168074582
8712.25633803 7258.83357965 6223.48494308 168.259690132 4100.0 4100.0 7.32619406817
8798.49235524 7202.96472334 6223.53028778 172.420625481 4000.0 4000.0 7.90424711643
9050.44562924 8331.31429655 6223.54700631 171.479708805 5800.0 5800.0 4.44849519748
9161.08435385 8470.64792273 6223.58137759 174.280845564 6000.0 6000.0 4.34796423257
9105.31765022 8400.67659783 6223.64420023 172.938978079 5900.0 5900.0 4.39822971503
8715.01716733 7258.82129247 6223.64992956 168.490724313 4100.0 4100.0 7.33876043879
8801.29605948 7202.95355989 6223.67025027 172.636116313 4000.0 4000.0 7.91681348705
8998.71332845 8262.54135166 6223.75817172 170.322621188 5700.0 5700.0 4.51132705055
8947.97085087 8194.41008849 6223.7693514 169.027215621 5600.0 5600.0 4.57415890363
8804.10022304 7202.9424013 6223.80991825 172.851457632 4000.0 4000.0 7.92937985766
8717.77852759 7258.80901067 6223.81456308 168.721597236 4100.0 4100.0 7.3513268094
8806.90484487 7202.93124756 6223.9492926 173.066649583 4000.0 4000.0 7.94194622828
8720.5404176 7258.79673426 6223.97884471 168.952309055 4100.0 4100.0 7.36389318001
9052.64408415 8331.27845678 6224.03466428 171.909622165 5800.0 5800.0 4.4610615681
8809.70992396 7202.92009869 6224.0883742 173.281692309 4000.0 4000.0 7.95451259889
9163.23377823 8470.60878608 6224.09365145 174.729973166 6000.0 6000.0 4.36053060318
8723.30283614 7258.78446323 6224.14277549 169.182859924 4100.0 4100.0 7.37645955063
9107.49139986 8400.63912348 6224.1443342 173.378535668 5900.0 5900.0 4.41079608564
8812.51545927 7202.90895466 6224.22716392 173.496585951 4000.0 4000.0 7.9670789695
8950.22181802 8194.3774592 6224.22967881 169.437091919 5600.0 5600.0 4.58672527424
9000.9378617 8262.50713263 6224.23233099 170.742544982 5700.0 5700.0 4.52389342117
8726.06578197 7258.77219758 6224.30635647 169.413249997 4100.0 4100.0 7.38902592124
8815.32144978 7202.89781549 6224.36566261 173.711330654 4000.0 4000.0 7.97964534012
8902.79767164 8126.87357176 6224.46468142 168.392296143 5500.0 5500.0 4.66212349793
8728.82925391 7258.75993731 6224.4695887 169.643479428 4100.0 4100.0 7.40159229186
8818.12789448 7202.88668116 6224.50387115 173.925926558 4000.0 4000.0 7.99221171073
9054.84354124 8331.24263255 6224.52163687 172.339256645 5800.0 5800.0 4.47362793871
9165.3841993 8470.56966629 6224.60525599 175.178813576 6000.0 6000.0 4.3730969738
8731.59325073 7258.7476824 6224.6324732 169.87354837 4100.0 4100.0 7.41415866247
8820.93479235 7202.87555167 6224.64179039 174.140373808 4000.0 4000.0 8.00477808135
9109.66614947 8400.60166532 6224.64379034 173.817810157 5900.0 5900.0 4.42336245625
8952.4737854 8194.34484414 6224.6893112 169.846698604 5600.0 5600.0 4.59929164486
9003.16339685 8262.47292848 6224.70579944 171.162194468 5700.0 5700.0 4.53645979178
8823.74214237 7202.86442703 6224.77942118 174.354672544 4000.0 4000.0 8.01734445196
8734.35777124 7258.73543287 6224.79501102 170.103456977 4100.0 4100.0 7.42672503309
8905.07740175 8126.84252742 6224.90946267 168.791542031 5500.0 5500.0 4.67468986854
8826.54994354 7202.85330722 6224.91676438 174.56882291 4000.0 4000.0 8.02991082258
8737.12281423 7258.72318871 6224.95720319 170.333205401 4100.0 4100.0 7.4392914037
9057.04399925 8331.20682384 6225.00792511 172.768612469 5800.0 5800.0 4.48619430933
8829.35819485 7202.84219225 6225.05382085 174.782825046 4000.0 4000.0 8.04247719319
9167.53561593 8470.53056333 6225.1161921 175.627367015 6000.0 6000.0 4.38566334441
8739.88837851 7258.71094991 6225.11905073 170.562793797 4100.0 4100.0 7.45185777431
9111.84189784 8400.56422335 6225.14256963 174.25680177 5900.0 5900.0 4.43592882687
8954.7267516 8194.31224331 6225.14824975 170.256035895 5600.0 5600.0 4.61185801547
9005.38993255 8262.43873921 6225.17857815 171.581569865 5700.0 5700.0 4.5490261624
8832.1668953 7202.8310821 6225.19059141 174.996679095 4000.0 4000.0 8.0550435638
8742.65446288 7258.69871646 6225.28055467 170.792222316 4100.0 4100.0 7.46442414493
8834.9760439 7202.81997679 6225.32707693 175.210385197 4000.0 4000.0 8.06760993442
8907.35812598 8126.81149667 6225.35354856 169.190523564 5500.0 5500.0 4.68725623916
8745.42106616 7258.68648837 6225.44171603 171.021491111 4100.0 4100.0 7.47699051554
8837.78563963 7202.8088763 6225.46327824 175.423943496 4000.0 4000.0 8.08017630503
9059.24545688 8331.17103066 6225.49353001 173.197689858 5800.0 5800.0 4.49876067994
8687.19285912 7315.43047212 6225.59014444 168.115535411 4200.0 4200.0 7.01203480281
8840.59568153 7202.79778063 6225.59919617 175.63735413 4000.0 4000.0 8.09274267565
8748.18818717 7258.67426563 6225.60253582 171.250600336 4100.0 4100.0 7.48955688616
8956.98071521 8194.2796567 6225.6064956 170.665104012 5600.0 5600.0 4.62442438608
9169.68802697 8470.49147721 6225.62646066 176.075633706 6000.0 6000.0 4.39822971503
9114.01864376 8400.52679755 6225.64067301 174.695510727 5900.0 5900.0 4.44849519748
9007.61746747 8262.40456481 6225.65066823 172.000671395 5700.0 5700.0 4.56159253301
8843.40616858 7202.78668977 6225.73483157 175.850617243 4000.0 4000.0 8.10530904626
8863.39125446 8059.95666248 6225.74160825 168.353574375 5400.0 5400.0 4.77522083346
8750.95582472 7258.66204824 6225.76301506 171.479550142 4100.0 4100.0 7.50212325677
8689.91869543 7315.41710631 6225.77532743 168.359288773 4200.0 4200.0 7.02460117343
8909.63984284 8126.78047949 6225.79694029 169.589240962 5500.0 5500.0 4.69982260977
8846.21709982 7202.77560374 6225.87018525 176.063732974 4000.0 4000.0 8.11787541688
8753.72397764 7258.6498362 6225.92315475 171.708340681 4100.0 4100.0 7.51468962739
8692.64511443 7315.40374637 6225.96011584 168.60287198 4200.0 4200.0 7.03716754404
9061.44791286 8331.13525298 6225.9784526 173.626489033 5800.0 5800.0 4.51132705055
8849.02847425 7202.76452251 6226.00525806 176.276701464 4000.0 4000.0 8.13044178749
8959.2356748 8194.2470843 6226.06404993 171.073903177 5600.0 5600.0 4.6369907567
8756.49264475 7258.63762949 6226.0829559 171.936972106 4100.0 4100.0 7.527255998
9009.84600025 8262.37040526 6226.12207074 172.419499278 5700.0 5700.0 4.57415890363
9171.84143127 8470.45240791 6226.13606257 176.52361387 6000.0 6000.0 4.41079608564
9116.19638602 8400.48938791 6226.13810144 175.13393725 5900.0 5900.0 4.4610615681
8851.8402909 7202.7534461 6226.14005081 176.489522854 4000.0 4000.0 8.1430081581
8695.3721148 7315.39039231 6226.14451084 168.846285194 4200.0 4200.0 7.04973391466
8865.7020072 8059.92719351 6226.16915275 168.741643913 5400.0 5400.0 4.78778720407
8911.92255085 8126.74947588 6226.23963912 169.987694444 5500.0 5500.0 4.71238898038
8759.26182489 7258.62542813 6226.24241952 172.165444568 4100.0 4100.0 7.53982236862
8854.65254879 7202.74237449 6226.27456433 176.702197285 4000.0 4000.0 8.15557452872
8698.0996952 7315.37704412 6226.32851358 169.089528576 4200.0 4200.0 7.06230028527
8762.0315169 7258.61323209 6226.40154659 172.393758219 4100.0 4100.0 7.55238873923
8857.46524695 7202.73130768 6226.40879943 176.914724896 4000.0 4000.0 8.16814089933
9063.65136592 8331.09949081 6226.4626939 174.055010215 5800.0 5800.0 4.52389342117
8700.82785429 7315.36370179 6226.51212521 169.332602289 4200.0 4200.0 7.07486665588
8961.49162898 8194.21452611 6226.52091389 171.482433608 5600.0 5600.0 4.64955712731
8860.2783844 7202.72024567 6226.54275693 177.127105827 4000.0 4000.0 8.18070726995
8764.8017196 7258.60104139 6226.56033812 172.62191321 4100.0 4100.0 7.56495510984
9012.07552955 8262.33626055 6226.5927868 172.838053735 5700.0 5700.0 4.58672527424
8868.01374301 8059.89773745 6226.59600584 169.12945491 5400.0 5400.0 4.80035357469
9118.37512341 8400.45199443 6226.63485586 175.572081562 5900.0 5900.0 4.47362793871
9173.9958277 8470.41335542 6226.64499871 176.971307729 6000.0 6000.0 4.42336245625
8825.27889935 7993.74015419 6226.66669324 168.090124949 5300.0 5300.0 4.88831816899
8863.09196019 7202.70918846 6226.67643764 177.339340219 4000.0 4000.0 8.19327364056
8914.20624855 8126.71848581 6226.68164625 170.385884228 5500.0 5500.0 4.724955351
8703.55659075 7315.35036533 6226.69534689 169.575506493 4200.0 4200.0 7.0874330265
8767.57243185 7258.58885602 6226.71879509 172.849909693 4100.0 4100.0 7.57752148046
8865.90597335 7202.69813604 6226.80984238 177.551428211 4000.0 4000.0 8.20584001118
8770.34365249 7258.57667597 6226.87691849 173.077747819 4100.0 4100.0 7.59008785107
8706.28590325 7315.33703473 6226.87817977 169.81824135 4200.0 4200.0 7.09999939711
8868.72042292 7202.68708841 6226.94297195 177.763369942 4000.0 4000.0 8.21840638179
9065.85581479 8331.06374413 6226.94625492 174.483253625 5800.0 5800.0 4.53645979178
8963.74857633 8194.1819821 6226.97708864 171.890695524 5600.0 5600.0 4.66212349793
8870.32646035 8059.86829431 6227.0221688 169.517007584 5400.0 5400.0 4.8129199453
8773.11538038 7258.56450124 6227.0347093 173.305427739 4100.0 4100.0 7.60265422169
8709.01579047 7315.32370998 6227.06062497 170.06080702 4200.0 4200.0 7.11256576773
9014.30605404 8262.30213069 6227.06281748 173.256334987 5700.0 5700.0 4.59929164486
8871.53530793 7202.67604557 6227.07582716 177.975165553 4000.0 4000.0 8.23097275241
8827.62088132 7993.71222168 6227.07674448 168.467018498 5300.0 5300.0 4.9008845396
8916.49093446 8126.6875093 6227.12296293 170.783810533 5500.0 5500.0 4.73752172161
9120.55485473 8400.41461708 6227.13093725 176.009943883 5900.0 5900.0 4.48619430933
9176.15121512 8470.37431973 6227.15326995 177.418715504 6000.0 6000.0 4.43592882687
8775.88761436 7258.55233182 6227.19216851 173.532949603 4100.0 4100.0 7.6152205923
8711.74625111 7315.31039109 6227.24268364 170.303203665 4200.0 4200.0 7.12513213834
8778.6603533 7258.54016772 6227.34929708 173.760313563 4100.0 4100.0 7.62778696292
8672.66254062 7372.92966095 6227.39539545 168.181284593 4300.0 4300.0 6.7355746493
8714.47728384 7315.29707804 6227.42435692 170.545431444 4200.0 4200.0 7.13769850896
9068.06125818 8331.02801292 6227.4291367 174.911219485 5800.0 5800.0 4.5490261624
8966.00651545 8194.14945227 6227.43257533 172.298689147 5600.0 5600.0 4.67468986854
8872.6401577 8059.83886406 6227.44764293 169.90430215 5400.0 5400.0 4.82548631591
8829.96383317 7993.68430144 6227.48611032 168.843659427 5300.0 5300.0 4.91345091021
8781.43359605 7258.52800893 6227.506096 173.987519768 4100.0 4100.0 7.64035333353
9016.53757236 8262.26801565 6227.53216388 173.674343254 5700.0 5700.0 4.61185801547
8918.7766071 8126.65654632 6227.56359036 171.181473576 5500.0 5500.0 4.75008809223
8675.35328716 7372.91517693 6227.60102662 168.437564266 4300.0 4300.0 6.74814101991
8717.20888737 7315.28377084 6227.60564593 170.787490518 4200.0 4200.0 7.15026487957
9122.73557877 8400.37725587 6227.62634653 176.447524434 5900.0 5900.0 4.49876067994
9178.30759237 8470.33530082 6227.6608772 177.865837415 6000.0 6000.0 4.44849519748
8784.20734149 7258.51585545 6227.66256623 174.214568368 4100.0 4100.0 7.65291970414
8719.94106039 7315.27046947 6227.7865518 171.029381048 4200.0 4200.0 7.16283125018
8678.04466598 7372.9006993 6227.80622342 168.693665213 4300.0 4300.0 6.76070739053
8786.98158848 7258.50370726 6227.81870873 174.441459515 4100.0 4100.0 7.66548607476
8874.95483351 8059.80944672 6227.87242951 170.291338827 5400.0 5400.0 4.83805268653
8968.26544493 8194.11693662 6227.88737512 172.706414694 5600.0 5600.0 4.68725623916
8832.30775332 7993.65639346 6227.89479211 169.220047952 5300.0 5300.0 4.92601728083
9070.26769484 8330.99229719 6227.91134025 175.338908015 5800.0 5800.0 4.56159253301
8722.67380161 7315.25717395 6227.96707565 171.271103193 4200.0 4200.0 7.1753976208
8789.75633589 7258.49156438 6227.97452448 174.668193358 4100.0 4100.0 7.67805244537
9018.7700832 8262.23391542 6228.00082708 174.092078756 5700.0 5700.0 4.62442438608
8921.06326501 8126.62559687 6228.00352978 171.578873577 5500.0 5500.0 4.76265446284
8680.73667563 7372.88622805 6228.01098711 168.949587603 4300.0 4300.0 6.77327376114
8793.23382686 7928.18703812 6228.01396434 168.333105714 5200.0 5200.0 5.02654824574
9124.91729432 8400.33991077 6228.12108467 176.884823436 5900.0 5900.0 4.51132705055
8792.53158261 7258.4794268 6228.13001441 174.894770046 4100.0 4100.0 7.69061881599
8725.40710972 7315.24388425 6228.14721859 171.512657113 4200.0 4200.0 7.18796399141
8683.42931469 7372.87176317 6228.21531894 169.205331604 4300.0 4300.0 6.78584013175
8795.3073275 7258.4672945 6228.2851795 175.12118973 4100.0 4100.0 7.7031851866
8877.27048626 8059.78004225 6228.29652983 170.678117829 5400.0 5400.0 4.85061905714
8834.65264017 7993.62849774 6228.30279119 169.596184287 5300.0 5300.0 4.93858365144
8728.14098345 7315.23060039 6228.32698174 171.754042969 4200.0 4200.0 7.20053036203
8970.52536337 8194.08443513 6228.34148917 173.113872385 5600.0 5600.0 4.69982260977
9072.47512348 8330.95659692 6228.39286658 175.766319435 5800.0 5800.0 4.57415890363
8795.60909922 7928.16062568 6228.40495747 168.698337338 5200.0 5200.0 5.03911461636
8686.12258172 7372.85730466 6228.41922014 169.460897384 4300.0 4300.0 6.79840650237
8798.08356947 7258.4551675 6228.4400207 175.347452558 4100.0 4100.0 7.71575155722
8923.35090672 8126.59466094 6228.44278239 171.976010752 5500.0 5500.0 4.77522083346
9021.0035852 8262.19983001 6228.46880816 174.509541712 5700.0 5700.0 4.6369907567
8730.8754215 7315.21732234 6228.50636622 171.995260918 4200.0 4200.0 7.21309673264
8663.08052147 7431.3344335 6228.58698745 168.019169945 4400.0 4400.0 6.47168086639
8800.86030739 7258.44304578 6228.59453894 175.57355868 4100.0 4100.0 7.72831792783
9127.10000018 8400.30258179 6228.61515262 177.32184111 5900.0 5900.0 4.52389342117
8688.8164753 7372.84285252 6228.62269197 169.716285113 4300.0 4300.0 6.81097287298
8733.61042259 7315.20405012 6228.68537311 172.236311122 4200.0 4200.0 7.22566310326
8836.99849214 7993.60061426 6228.7101089 169.972068647 5300.0 5300.0 4.95115002206
8879.58711442 8059.75065067 6228.71994516 171.064639374 5400.0 5400.0 4.86318542776
8803.63754015 7258.43092934 6228.74873518 175.799508245 4100.0 4100.0 7.74088429845
8972.78626936 8194.0519478 6228.79491861 173.521062439 5600.0 5600.0 4.71238898038
8797.9853228 7928.13422486 6228.79527611 169.063322793 5200.0 5200.0 5.05168098697
8665.73521 7431.31878174 6228.81386855 168.288073731 4400.0 4400.0 6.48424723701
8691.51099399 7372.82840674 6228.82573567 169.971494958 4300.0 4300.0 6.8235392436
8736.34598546 7315.19078372 6228.86400353 172.477193738 4200.0 4200.0 7.23822947387
9074.68354283 8330.9209121 6228.87371671 176.193453966 5800.0 5800.0 4.58672527424
8925.63953076 8126.56373852 6228.88134943 172.37288532 5500.0 5500.0 4.78778720407
8806.41526665 7258.41881819 6228.90261036 176.025301402 4100.0 4100.0 7.75345066906
8762.66265636 7863.37225625 6228.91615903 168.306041117 5100.0 5100.0 5.1647783225
9023.23807702 8262.16575939 6228.93610822 174.926732343 5700.0 5700.0 4.64955712731
8694.20613638 7372.81396731 6229.02835246 170.226527086 4300.0 4300.0 6.83610561421
8668.39057994 7431.3031369 6229.04027592 168.55679027 4400.0 4400.0 6.49681360762
8739.08210881 7315.17752313 6229.04225858 172.717908926 4200.0 4200.0 7.25079584449
8809.1934858 7258.4067123 6229.05616541 176.250938299 4100.0 4100.0 7.76601703967
9129.28369515 8400.26526891 6229.10855132 177.758577677 5900.0 5900.0 4.53645979178
8839.34530764 7993.57274302 6229.11674659 170.347701245 5300.0 5300.0 4.96371639267
8881.90471646 8059.72127195 6229.1426768 171.450903677 5400.0 5400.0 4.87575179837
8800.36249598 7928.10783566 6229.18492165 169.42806229 5200.0 5200.0 5.06424735759
8811.97219648 7258.39461169 6229.20940127 176.476419086 4100.0 4100.0 7.77858341029
8741.8187914 7315.16426835 6229.22013934 172.958456844 4200.0 4200.0 7.2633622151
8696.90190106 7372.79953424 6229.23054357 170.481381667 4300.0 4300.0 6.84867198483
8975.04816151 8194.01947461 6229.24766462 173.927985074 5600.0 5600.0 4.724955351
8671.04662975 7431.28749895 6229.26621089 168.825319738 4400.0 4400.0 6.50937997824
8765.07123855 7863.34732099 6229.28797812 168.659650137 5100.0 5100.0 5.17734469312
8927.92913567 8126.5328296 6229.3192321 172.769497498 5500.0 5500.0 4.80035357469
9076.89295164 8330.88524272 6229.35389167 176.620311828 5800.0 5800.0 4.59929164486
8814.75139761 7258.38251635 6229.36231887 176.70174391 4100.0 4100.0 7.7911497809
8733.58899299 7799.31213463 6229.36465527 168.009793567 5000.0 5000.0 5.30300839926
8744.55603194 7315.15101938 6229.39764691 173.198837651 4200.0 4200.0 7.27592858571
9025.47355735 8262.13170357 6229.40272833 175.343650869 5700.0 5700.0 4.66212349793
8699.59828662 7372.78510751 6229.43231023 170.736058866 4300.0 4300.0 6.86123835544
8673.70335791 7431.27186791 6229.49167482 169.093662309 4400.0 4400.0 6.52194634885
8817.5310881 7258.37042627 6229.51491914 176.92691292 4100.0 4100.0 7.80371615152
8841.69308509 7993.54488401 6229.5227056 170.723082297 5300.0 5300.0 4.97628276329
8884.22329086 8059.69190609 6229.56472603 171.836910955 5400.0 5400.0 4.88831816899
8802.74061711 7928.08145806 6229.5738955 169.792556043 5200.0 5200.0 5.0768137282
8747.29382919 7315.1377762 6229.57478237 173.439051506 4200.0 4200.0 7.28849495633
8702.29529165 7372.77068713 6229.63365366 170.990558852 4300.0 4300.0 6.87380472605
8767.48075094 7863.32239671 6229.65913595 169.013019525 5100.0 5100.0 5.18991106373
8820.31126685 7258.35834146 6229.667203 177.151926264 4100.0 4100.0 7.81628252213
8663.60536888 7490.58981484 6229.69011841 168.219074396 4500.0 4500.0 6.24548619534
8977.31103841 8193.98701556 6229.69972833 174.33464051 5600.0 5600.0 4.73752172161
8676.36076289 7431.25624375 6229.71666901 169.36181816 4400.0 4400.0 6.53451271947
8736.03082957 7799.28863306 6229.71725044 168.351827043 5000.0 5000.0 5.31557476987
8750.03218188 7315.12453883 6229.75154681 173.679098567 4200.0 4200.0 7.30106132694
8930.21971998 8126.50193417 6229.75643162 173.165847504 5500.0 5500.0 4.8129199453
8823.09193279 7258.3462619 6229.81917137 177.376784089 4100.0 4100.0 7.82884889275
9079.10334862 8330.84958877 6229.83339246 177.046893241 5800.0 5800.0 4.61185801547
8704.99291474 7372.75627309 6229.83457508 171.244881791 4300.0 4300.0 6.88637109667
9027.71002484 8262.09766252 6229.86866957 175.760297507 5700.0 5700.0 4.67468986854
8752.77108876 7315.11130725 6229.9279413 173.918978992 4200.0 4200.0 7.31362769756
8844.04182292 7993.51703723 6229.92798726 171.098212016 5300.0 5300.0 4.9888491339
8666.22470446 7490.57296173 6229.93784858 168.500275975 4500.0 4500.0 6.25805256595
8679.01884318 7431.24062649 6229.9411948 169.629787464 4400.0 4400.0 6.54707909008
8805.11968456 7928.05509205 6229.96219903 170.156804261 5200.0 5200.0 5.08938009882
8825.87308484 7258.3341876 6229.97082518 177.601486544 4100.0 4100.0 7.84141526336
8886.5428361 8059.66255309 6229.98609411 172.222661423 5400.0 5400.0 4.9008845396
8710.98546015 7735.97914923 6230.0186472 168.106472644 4900.0 4900.0 5.46637121725
8769.89119184 7863.29748342 6230.02963394 169.366149491 5100.0 5100.0 5.20247743434
8707.69115451 7372.74186538 6230.0350757 171.499027851 4300.0 4300.0 6.89893746728
8666.18143124 7550.72143348 6230.0637497 168.003142508 4600.0 4600.0 6.01929152428
8738.47357299 7799.26514185 6230.06919982 168.693627506 5000.0 5000.0 5.32814114049
8755.51054858 7315.09808146 6230.10396692 174.158692938 4200.0 4200.0 7.32619406817
8828.65472191 7258.32211855 6230.12216533 177.826033775 4100.0 4100.0 7.85398163397
8979.57489867 8193.95457063 6230.15111089 174.741028964 5600.0 5600.0 4.75008809223
8681.67759727 7431.22501611 6230.1652535 169.897570397 4400.0 4400.0 6.5596454607
8668.84476614 7490.55611606 6230.18506964 168.781282235 4500.0 4500.0 6.27061893657
8932.51128224 8126.47105223 6230.19294921 173.561935554 5500.0 5500.0 4.82548631591
8710.39000956 7372.72746401 6230.23515672 171.752997199 4300.0 4300.0 6.9115038379
8758.25056011 7315.08486146 6230.27962473 174.398240563 4200.0 4200.0 7.33876043879
9081.31473252 8330.81395025 6230.31222009 177.473198424 5800.0 5800.0 4.62442438608
8846.39151954 7993.48920266 6230.33259291 171.473090615 5300.0 5300.0 5.00141550451
8668.76430067 7550.70332598 6230.33315982 168.296844362 4600.0 4600.0 6.03185789489
9029.94747815 8262.06363624 6230.33393303 176.176672479 5700.0 5700.0 4.68725623916
8807.49969672 7928.02873764 6230.34983365 170.520807157 5200.0 5200.0 5.10194646943
8713.46217821 7735.95705683 6230.35078298 168.436533138 4900.0 4900.0 5.47893758786
8684.33702364 7431.20941261 6230.38884643 170.165167133 4400.0 4400.0 6.57221183131
8772.3025596 7863.27258109 6230.39947353 169.719040242 5100.0 5100.0 5.21504380496
8888.86335064 8059.63321293 6230.40678232 172.608155296 5400.0 5400.0 4.91345091021
8740.91722153 7799.241661 6230.42050488 169.035195159 5000.0 5000.0 5.3407075111
8671.46555231 7490.53927783 6230.43178298 169.062093355 4500.0 4500.0 6.28318530718
8713.0894785 7372.71306896 6230.43481935 172.00679 4300.0 4300.0 6.92407020851
8692.56734756 7673.41925664 6230.43988137 168.208546705 4800.0 4800.0 5.64230040585
8760.99112209 7315.07164724 6230.45491581 174.637622026 4200.0 4200.0 7.3513268094
8678.45496075 7611.6535761 6230.56473577 168.282827284 4700.0 4700.0 5.83079596506
8981.83974089 8193.92213982 6230.60181346 175.147150655 5600.0 5600.0 4.76265446284
8671.34794037 7550.68522648 6230.60202605 168.590342776 4600.0 4600.0 6.04442426551
8686.99712079 7431.19381598 6230.61197491 170.432577847 4400.0 4400.0 6.58477820192
8934.80382098 8126.44018377 6230.62878608 173.957761866 5500.0 5500.0 4.83805268653
8763.73223329 7315.0584388 6230.62984121 174.876837483 4200.0 4200.0 7.36389318001
8715.78955995 7372.69868024 6230.63406479 172.260406422 4300.0 4300.0 6.93663657913
8674.0870614 7490.52244703 6230.67798999 169.342709519 4500.0 4500.0 6.29575167779
8715.93977406 7735.93497418 6230.68229363 168.766367712 4900.0 4900.0 5.49150395847
8848.74217338 7993.46138029 6230.73652387 171.847718309 5300.0 5300.0 5.01398187513
8809.88065195 7928.00239481 6230.73680072 170.884564942 5200.0 5200.0 5.11451284004
8695.07946144 7673.39853566 6230.75113137 168.526506398 4800.0 4800.0 5.65486677646
8774.71485253 7863.24768973 6230.76865615 170.071691988 5100.0 5100.0 5.22761017557
8743.36177351 7799.21819051 6230.7711671 169.37653021 5000.0 5000.0 5.35327388172
9083.52710207 8330.77832713 6230.79037559 177.899227599 5800.0 5800.0 4.6369907567
9032.18591597 8262.02962473 6230.7985198 176.592776002 5700.0 5700.0 4.69982260977
8766.47389249 7315.04523613 6230.804402 175.115887091 4200.0 4200.0 7.37645955063
8891.18483299 8059.6038856 6230.82679194 172.993392791 5400.0 5400.0 4.92601728083
8718.49025253 7372.68429784 6230.83289424 172.51384663 4300.0 4300.0 6.94920294974
8689.65788723 7431.17822622 6230.83464023 170.699802713 4400.0 4400.0 6.59734457254
8681.00278606 7611.63418673 6230.85483702 168.588589106 4700.0 4700.0 5.84336233568
8673.93234867 7550.66713498 6230.87034984 168.883637938 4600.0 4600.0 6.05699063612
8676.7092918 7490.50562366 6230.92369206 169.623130907 4500.0 4500.0 6.30831804841
8769.21609844 7315.03203924 6230.97859924 175.354771007 4200.0 4200.0 7.38902592124
8718.41824599 7735.91290127 6231.01318065 169.095976568 4900.0 4900.0 5.50407032909
8721.19155487 7372.66992175 6231.03130888 172.76711079 4300.0 4300.0 6.96176932035
8984.10556368 8193.88972313 6231.05183717 175.5530058 5600.0 5600.0 4.77522083346
8692.31932146 7431.16264333 6231.0568437 170.966841904 4400.0 4400.0 6.60991094315
8697.5924202 7673.37782384 6231.06178052 168.844247512 4800.0 4800.0 5.66743314708
8937.09733475 8126.40932877 6231.06394343 174.353326656 5500.0 5500.0 4.85061905714
8745.80722723 7799.19473036 6231.12118792 169.717632862 5000.0 5000.0 5.36584025233
8812.26254864 7927.97606355 6231.12310164 171.248077828 5200.0 5200.0 5.12707921066
8777.128069 7863.22280932 6231.13718323 170.424104936 5100.0 5100.0 5.24017654619
8676.51752394 7550.64905147 6231.13813263 169.176730036 4600.0 4600.0 6.06955700674
8851.09378287 7993.43357013 6231.13978149 172.22209531 5300.0 5300.0 5.02654824574
8683.55141973 7611.61480594 6231.14436509 168.894139915 4700.0 4700.0 5.85592870629
8771.95884994 7315.01884811 6231.15243397 175.593489389 4200.0 4200.0 7.40159229186
8679.33224194 7490.48880772 6231.16889059 169.9033577 4500.0 4500.0 6.32088441902
8723.89346559 7372.65555197 6231.22930991 173.02019907 4300.0 4300.0 6.97433569097
8893.50728161 8059.5745711 6231.24612424 173.378374122 5400.0 5400.0 4.93858365144
9034.42533696 8261.99562796 6231.26243093 177.008608296 5700.0 5700.0 4.71238898038
8694.98142198 7431.1470673 6231.27858661 171.233695596 4400.0 4400.0 6.62247731377
8774.70214574 7315.00566275 6231.32590723 175.832042392 4200.0 4200.0 7.41415866247
8720.89759228 7735.89083811 6231.3434455 169.425359908 4900.0 4900.0 5.5166366997
8700.10622214 7673.35712117 6231.37183032 169.161770245 4800.0 4800.0 5.67999951769
8679.10346453 7550.63097595 6231.40537585 169.469619255 4600.0 4600.0 6.08212337735
8681.95591023 7490.47199919 6231.41358694 170.183390079 4500.0 4500.0 6.33345078964
8726.59598333 7372.6411885 6231.4268985 173.273111633 4300.0 4300.0 6.98690206158
8686.10086007 7611.5954337 6231.43332146 169.199479901 4700.0 4700.0 5.86849507691
8748.253581 7799.17128056 6231.47056881 170.058503321 5000.0 5000.0 5.37840662295
8939.39182209 8126.37848723 6231.49842248 174.748630141 5500.0 5500.0 4.86318542776
8777.44598465 7314.99248315 6231.49902009 176.070430174 4200.0 4200.0 7.42672503309
8697.64418731 7431.13149813 6231.49987026 171.50036396 4400.0 4400.0 6.63504368438
8986.37236564 8193.85732053 6231.50118317 175.958594618 5600.0 5600.0 4.78778720407
8779.54220732 7863.19793987 6231.50505618 170.776279295 5100.0 5100.0 5.2527429168
8814.64538517 7927.94974386 6231.50873779 171.611346023 5200.0 5200.0 5.13964558127
8853.44634644 7993.40577215 6231.54236708 172.596221832 5300.0 5300.0 5.03911461636
8729.29910672 7372.62683134 6231.62407585 173.525848645 4300.0 4300.0 6.9994684322
8684.58029509 7490.45519808 6231.65778249 170.463228224 4500.0 4500.0 6.34601716025
8895.83069501 8059.54526942 6231.66478049 173.763099504 5400.0 5400.0 4.95115002206
8780.19036544 7314.97930931 6231.67177357 176.30865289 4200.0 4200.0 7.4392914037
8681.69016878 7550.6129084 6231.67208095 169.762305784 4600.0 4600.0 6.09468974796
8723.37781124 7735.86878469 6231.67308967 169.754517932 4900.0 4900.0 5.52920307032
8702.62086555 7673.33642764 6231.68128224 169.479074793 4800.0 4800.0 5.6925658883
8700.30761598 7431.11593581 6231.72069594 171.766847171 4400.0 4400.0 6.647610055
8688.65110542 7611.57607001 6231.72170761 169.504609258 4700.0 4700.0 5.88106144752
9036.66573978 8261.96164594 6231.72566752 177.424169579 5700.0 5700.0 4.724955351
8750.70083313 7799.14784109 6231.81931122 170.399141792 5000.0 5000.0 5.39097299356
8732.00283442 7372.61248047 6231.82084311 173.778410273 4300.0 4300.0 7.01203480281
8782.93528691 7314.96614122 6231.84416871 176.546710697 4200.0 4200.0 7.45185777431
8781.95726586 7863.17308136 6231.87227644 171.128215273 5100.0 5100.0 5.26530928742
8817.02915992 7927.92343573 6231.89371053 171.974369741 5200.0 5200.0 5.15221195189
8687.20539496 7490.43840437 6231.90147861 170.742872316 4500.0 4500.0 6.35858353087
8941.68728155 8126.34765914 6231.93222443 175.143672538 5500.0 5500.0 4.87575179837
8684.27763507 7550.59484883 6231.93824934 170.054789808 4600.0 4600.0 6.10725611858
8702.9717065 7431.10038034 6231.94106494 172.033145402 4400.0 4400.0 6.66017642561
8855.79986253 7993.37798636 6231.94428198 172.970098087 5300.0 5300.0 5.05168098697
8988.64014539 8193.82493202 6231.94985261 176.363917326 5600.0 5600.0 4.80035357469
8705.13634873 7673.31574324 6231.99013776 169.796161354 4800.0 4800.0 5.70513225892
8725.85890118 7735.84674099 6232.00211462 170.083450841 4900.0 4900.0 5.54176944093
8691.20215409 7611.55671488 6232.00952499 169.809528177 4700.0 4700.0 5.89362781813
8785.68074785 7314.95297888 6232.01620656 176.784603751 4200.0 4200.0 7.46442414493
8734.70716505 7372.5981359 6232.01720146 174.03079668 4300.0 4300.0 7.02460117343
8898.15507166 8059.51598056 6232.08276195 174.147569152 5400.0 5400.0 4.96371639267
8689.83120827 7490.42161807 6232.14467668 171.022322534 4500.0 4500.0 6.37114990148
8705.63645741 7431.08483172 6232.16097853 172.299258825 4400.0 4400.0 6.67274279622
8753.14898196 7799.12441194 6232.1674166 170.73954848 5000.0 5000.0 5.40353936417
8788.42674706 7314.93982228 6232.18788812 177.022332207 4200.0 4200.0 7.47699051554
9038.90712313 8261.92767865 6232.18823065 177.839460069 5700.0 5700.0 4.73752172161
8686.86586177 7550.57679723 6232.20388246 170.347071513 4600.0 4600.0 6.11982248919
8737.41209729 7372.58379761 6232.21315208 174.283008033 4300.0 4300.0 7.03716754404
8784.37324295 7863.14823378 6232.23884541 171.479913077 5100.0 5100.0 5.27787565803
8819.41387128 7927.89713915 6232.27802126 172.33714919 5200.0 5200.0 5.1647783225
8693.7540044 7611.5373683 6232.29677506 170.114236851 4700.0 4700.0 5.90619418875
8707.65267 7673.29506797 6232.29839835 170.113030125 4800.0 4800.0 5.71769862953
8728.34086038 7735.82470702 6232.33052184 170.412158837 4900.0 4900.0 5.55433581155
8858.15432957 7993.35021274 6232.3455275 173.343724288 5300.0 5300.0 5.06424735759
8791.17328334 7314.92667143 6232.35921444 177.259896221 4200.0 4200.0 7.48955688616
8943.98371168 8126.31684449 6232.36535049 175.538454062 5500.0 5500.0 4.88831816899
8708.30186722 7431.06928993 6232.38043799 172.565187615 4400.0 4400.0 6.68530916684
8692.45773346 7490.40483916 6232.38737804 171.30157906 4500.0 4500.0 6.38371627209
8990.90890153 8193.7925576 6232.39784662 176.768974142 5600.0 5600.0 4.8129199453
8740.11762977 7372.56946562 6232.40869611 174.535044495 4300.0 4300.0 7.04973391466
8689.45484724 7550.5587536 6232.46898173 170.639151086 4600.0 4600.0 6.13238885981
8900.48041005 8059.48670449 6232.50006989 174.531783281 5400.0 5400.0 4.97628276329
8755.59802579 7799.10099312 6232.51488641 171.079723588 5000.0 5000.0 5.41610573479
8793.9203555 7314.91352631 6232.53018654 177.497295948 4200.0 4200.0 7.50212325677
8696.30665468 7611.51803025 6232.58345928 170.41873547 4700.0 4700.0 5.91876055936
8710.96793449 7431.05375497 6232.59944459 172.830931943 4400.0 4400.0 6.69787553745
8742.82376116 7372.5551399 6232.60383473 174.786906231 4300.0 4300.0 7.06230028527
8786.79013696 7863.12339713 6232.60476452 171.831372915 5100.0 5100.0 5.29044202865
8710.16982765 7673.27440183 6232.6060655 170.4296813 4800.0 4800.0 5.73026500015
8695.08496896 7490.38806765 6232.62958407 171.580642072 4500.0 4500.0 6.39628264271
8730.82368717 7735.80268276 6232.65831279 170.740642119 4900.0 4900.0 5.56690218216
8821.79951764 7927.87085412 6232.66167133 172.699684582 5200.0 5200.0 5.17734469312
8796.66796236 7314.90038693 6232.70080543 177.734531544 4200.0 4200.0 7.51468962739
8692.04458986 7550.54071792 6232.73354856 170.931028714 4600.0 4600.0 6.14495523042
8860.50974599 7993.32245129 6232.74610497 173.717100648 5300.0 5300.0 5.0768137282
8946.28111103 8126.28604328 6232.79780186 175.93297493 5500.0 5500.0 4.9008845396
8745.53049013 7372.54082047 6232.79856909 175.038593406 4300.0 4300.0 7.07486665588
8713.63465775 7431.03822685 6232.8179996 173.096491982 4400.0 4400.0 6.71044190807
8993.17863268 8193.76019724 6232.84516634 177.173765283 5600.0 5600.0 4.82548631591
8758.04796296 7799.07758462 6232.86172208 171.419667321 5000.0 5000.0 5.4286721054
8698.86010328 7611.49870073 6232.86957911 170.723024227 4700.0 4700.0 5.93132692998
8799.41610271 7314.88725328 6232.87107212 177.971603164 4200.0 4200.0 7.527255998
8697.71291323 7490.37130353 6232.87129611 171.85951175 4500.0 4500.0 6.40884901332
8712.68782001 7673.25374481 6232.91314065 170.746115078 4800.0 4800.0 5.74283137076
8902.80670869 8059.45744122 6232.91670558 174.915742104 5400.0 5400.0 4.9888491339
8789.20794623 7863.09857141 6232.97003517 172.182594995 5100.0 5100.0 5.30300839926
8733.30737986 7735.78066821 6232.98548892 171.068900889 4900.0 4900.0 5.57946855278
8748.23781533 7372.5265073 6232.99290033 175.290106183 4300.0 4300.0 7.0874330265
8694.63508801 7550.5226902 6232.99758437 171.222704581 4600.0 4600.0 6.15752160104
8716.30203555 7431.02270555 6233.03610429 173.361867904 4400.0 4400.0 6.72300827868
8824.1860974 7927.84458062 6233.04466212 173.061976125 5200.0 5200.0 5.18991106373
8700.34156471 7490.35454679 6233.11251551 172.138188274 4500.0 4500.0 6.42141538394
8862.86611025 7993.294702 6233.1460157 174.09022738 5300.0 5300.0 5.08938009882
8701.41434852 7611.47937975 6233.15513598 171.027103312 4700.0 4700.0 5.94389330059
8750.94573545 7372.51220041 6233.18682961 175.541444728 4300.0 4300.0 7.09999939711
8760.49879179 7799.05418642 6233.20792506 171.759379883 5000.0 5000.0 5.44123847602
8715.2066454 7673.23309689 6233.21962528 171.062331653 4800.0 4800.0 5.75539774138
8948.57947816 8126.25525548 6233.22957974 176.327235357 5500.0 5500.0 4.91345091021
8718.97006644 7431.00719107 6233.25375991 173.627059881 4400.0 4400.0 6.7355746493
8697.22634008 7550.50467043 6233.26109056 171.514178873 4600.0 4600.0 6.17008797165
8995.44933745 8193.72785095 6233.29181292 177.578290966 5600.0 5600.0 4.83805268653
8735.79193676 7735.75866337 6233.3120517 171.396935347 4900.0 4900.0 5.59203492339
8905.13396606 8059.42819073 6233.33267027 175.299445837 5400.0 5400.0 5.00141550451
8791.62666911 7863.0737566 6233.33465877 172.533579523 5100.0 5100.0 5.31557476987
8702.97092187 7490.33779743 6233.35324362 172.416671822 4500.0 4500.0 6.43398175455
8753.65424915 7372.49789978 6233.38035806 175.792609203 4300.0 4300.0 7.11256576773
8826.57360895 7927.81831866 6233.42699499 173.424024031 5200.0 5200.0 5.20247743434
8703.96938876 7611.46006728 6233.44013134 171.330972917 4700.0 4700.0 5.95645967121
8721.63874897 7430.99168341 6233.47096772 173.892068086 4400.0 4400.0 6.74814101991
8699.81834446 7550.4866586 6233.52406854 171.805451775 4600.0 4600.0 6.18265434226
8717.72630212 7673.21245809 6233.52552085 171.378331222 4800.0 4800.0 5.76796411199
8865.22342078 7993.26696486 6233.54526102 174.463104695 5300.0 5300.0 5.10194646943
8762.95051061 7799.03079852 6233.55349679 172.098861478 5000.0 5000.0 5.45380484663
8756.36335512 7372.48360542 6233.57348683 176.043599772 4300.0 4300.0 7.12513213834
8705.60098317 7490.32105544 6233.59348178 172.694962574 4500.0 4500.0 6.44654812517
8738.27735619 7735.73666822 6233.63800258 171.724745693 4900.0 4900.0 5.604601294
8950.8788116 8126.22448111 6233.66068533 176.72123556 5500.0 5500.0 4.92601728083
8724.3080817 7430.97618257 6233.68772896 174.15689269 4400.0 4400.0 6.76070739053
8794.04630398 7863.04895269 6233.69863673 172.884326706 5100.0 5100.0 5.32814114049
8706.52522234 7611.44076333 6233.72456664 171.634633232 4700.0 4700.0 5.96902604182
8997.72101445 8193.69551872 6233.73778749 177.982551408 5600.0 5600.0 4.85061905714
8907.46218067 8059.39895302 6233.74796523 175.682894694 5400.0 5400.0 5.01398187513
8759.07305204 7372.46931731 6233.76621706 176.294416599 4300.0 4300.0 7.13769850896
8702.41109953 7550.46865472 6233.78651971 172.096523474 4600.0 4600.0 6.19522071288
8828.96205069 7927.79206821 6233.80867131 173.785828509 5200.0 5200.0 5.21504380496
8720.24678852 7673.19182838 6233.8308288 171.69411398 4800.0 4800.0 5.78053048261
8708.23174706 7490.30432083 6233.83323132 172.973060708 4500.0 4500.0 6.45911449578
8765.40311777 7799.00742091 6233.8984387 172.438112309 5000.0 5000.0 5.46637121725
8726.97806319 7430.96068852 6233.9040449 174.421533864 4400.0 4400.0 6.77327376114
8867.58167603 7993.23923986 6233.94384222 174.835732805 5300.0 5300.0 5.11451284004
8761.7833386 7372.45503546 6233.95854987 176.545059847 4300.0 4300.0 7.15026487957
8740.76363648 7735.71468276 6233.96334302 172.052332126 4900.0 4900.0 5.61716766462
8709.08184761 7611.4214679 6234.0084433 171.938084447 4700.0 4700.0 5.98159241243
8705.0046037 7550.45065876 6234.04844546 172.387394153 4600.0 4600.0 6.20778708349
8796.4668492 7863.02415969 6234.06197046 173.234836752 5100.0 5100.0 5.3407075111
8710.86321202 7490.28759358 6234.07249359 173.250966404 4500.0 4500.0 6.47168086639
8953.17910993 8126.19372013 6234.09111984 177.114975754 5500.0 5500.0 4.93858365144
8729.64869201 7430.94520129 6234.11991676 174.68599178 4400.0 4400.0 6.78584013175
8722.76810292 7673.17120777 6234.1355506 172.009680122 4800.0 4800.0 5.79309685322
8764.4942135 7372.44075985 6234.15048639 176.795529679 4300.0 4300.0 7.16283125018
8909.791351 8059.36972808 6234.16259171 176.066088887 5400.0 5400.0 5.02654824574
8831.35142102 7927.76582928 6234.18969244 174.147389768 5200.0 5200.0 5.22761017557
8767.8566116 7798.98405359 6234.24275222 172.77713258 5000.0 5000.0 5.47893758786
8743.25077596 7735.69270699 6234.28807446 172.379694847 4900.0 4900.0 5.62973403523
8711.63926293 7611.40218097 6234.29176276 172.241326754 4700.0 4700.0 5.99415878305
8707.59885538 7550.43267073 6234.30984719 172.678063998 4600.0 4600.0 6.22035345411
8713.49537652 7490.27087369 6234.3112699 173.528679839 4500.0 4500.0 6.48424723701
8732.31996674 7430.92972085 6234.3353458 174.950266609 4400.0 4400.0 6.79840650237
8869.94087444 7993.211527 6234.34176064 175.208111922 5300.0 5300.0 5.12707921066
8767.20567542 7372.42649049 6234.34202775 177.045826259 4300.0 4300.0 7.1753976208
8798.88830313 7862.99937758 6234.42466135 173.585109867 5100.0 5100.0 5.35327388172
8725.29024366 7673.15059624 6234.43968768 172.325029845 4800.0 4800.0 5.80566322383
8955.48037171 8126.16297256 6234.52088445 177.508456154 5500.0 5500.0 4.95115002206
8769.91772306 7372.41222738 6234.53317506 177.295949748 4300.0 4300.0 7.18796399141
8716.12823904 7490.25416115 6234.54956158 173.806201192 4500.0 4500.0 6.49681360762
8734.99188594 7430.9142472 6234.55033323 175.214358522 4400.0 4400.0 6.81097287298
8833.74171835 7927.73960186 6234.57005974 174.508708018 5200.0 5200.0 5.24017654619
8710.19385296 7550.41469063 6234.57072628 172.968533193 4600.0 4600.0 6.23291982472
8714.19746666 7611.38290253 6234.57452645 172.544360342 4700.0 4700.0 6.00672515366
8912.12147557 8059.34051589 6234.57655097 176.449028632 5400.0 5400.0 5.03911461636
8770.31099045 7798.96069655 6234.58643878 173.115922494 5000.0 5000.0 5.49150395847
8745.73877295 7735.6707409 6234.61219834 172.706834054 4900.0 4900.0 5.64230040585
8772.63035515 7372.3979705 6234.72392945 177.545900309 4300.0 4300.0 7.20053036203
8872.30101448 7993.18382626 6234.73901757 175.580242258 5300.0 5300.0 5.13964558127
8727.81320907 7673.1299938 6234.74324149 172.640163343 4800.0 4800.0 5.81822959445
8737.6644482 7430.89878035 6234.7648803 175.47826769 4400.0 4400.0 6.8235392436
8801.31066415 7862.97460636 6234.7867108 173.935146258 5100.0 5100.0 5.36584025233
8718.76179806 7490.23745597 6234.78736995 174.083530641 4500.0 4500.0 6.50937997824
8712.78959486 7550.39671844 6234.83108412 173.258801923 4600.0 4600.0 6.24548619534
8716.75645717 7611.3636326 6234.85673578 172.847185402 4700.0 4700.0 6.01929152428
8775.34357037 7372.38371985 6234.91429202 177.795678106 4300.0 4300.0 7.21309673264
8772.76625266 7798.93734979 6234.92949981 173.454482255 5000.0 5000.0 5.50407032909
8748.2276258 7735.64878448 6234.93571612 173.033749947 4900.0 4900.0 5.65486677646
8836.13294108 7927.71338594 6234.94977456 174.869783468 5200.0 5200.0 5.2527429168
8957.78259548 8126.13223838 6234.94998037 177.901676976 5500.0 5500.0 4.96371639267
8740.33765211 7430.88332028 6234.97898823 175.741994283 4400.0 4400.0 6.83610561421
8914.45255288 8059.31131647 6234.98984427 176.831714141 5400.0 5400.0 5.05168098697
8721.39605207 7490.22075812 6235.02469632 174.360668364 4500.0 4500.0 6.52194634885
8730.3369975 7673.10940043 6235.04621347 172.95508081 4800.0 4800.0 5.83079596506
8715.3860795 7550.37875417 6235.09092209 173.548870371 4600.0 4600.0 6.25805256595
8874.66209459 7993.15613765 6235.13561432 175.952124025 5300.0 5300.0 5.15221195189
8719.31623282 7611.34437115 6235.13839218 173.149802123 4700.0 4700.0 6.03185789489
8803.73393062 7862.94984601 6235.1481202 174.284946129 5100.0 5100.0 5.37840662295
8743.01149624 7430.86786699 6235.19265825 176.005538473 4400.0 4400.0 6.84867198483
8750.71733284 7735.62683772 6235.25862922 173.360442725 4900.0 4900.0 5.66743314708
8724.03099957 7490.20406762 6235.26154201 174.637614538 4500.0 4500.0 6.53451271947
8775.22239658 7798.91401329 6235.27193672 173.792812064 5000.0 5000.0 5.5166366997
8838.52508763 7927.68718151 6235.32883826 175.230616326 5200.0 5200.0 5.26530928742
8732.8616073 7673.08881613 6235.34860506 173.269782442 4800.0 4800.0 5.84336233568
8717.98330529 7550.3607978 6235.35024156 173.838738722 4600.0 4600.0 6.27061893657
8916.78458143 8059.28212978 6235.40247284 177.214145627 5400.0 5400.0 5.06424735759
8745.6859792 7430.85242048 6235.40589156 176.268900428 4400.0 4400.0 6.86123835544
8721.87679199 7611.32511818 6235.41949706 173.452210695 4700.0 4700.0 6.04442426551
8726.66663903 7490.18738446 6235.49790833 174.914369341 4500.0 4500.0 6.54707909008
8806.15810092 7862.92509654 6235.50889095 174.634509689 5100.0 5100.0 5.39097299356
8877.02411323 7993.12846115 6235.53155221 176.323757432 5300.0 5300.0 5.1647783225
8753.20789242 7735.60490062 6235.58093907 173.686912587 4900.0 4900.0 5.67999951769
8720.58127067 7550.34284934 6235.60904389 174.12840716 4600.0 4600.0 6.28318530718
8777.67942057 7798.89068705 6235.61375095 174.130912125 5000.0 5000.0 5.52920307032
8748.36109959 7430.83698074 6235.61868939 176.532080319 4400.0 4400.0 6.87380472605
8735.38703681 7673.0682409 6235.65041768 173.584268433 4800.0 4800.0 5.85592870629
8724.43813305 7611.30587369 6235.70005184 173.754411308 4700.0 4700.0 6.05699063612
8840.91815641 7927.66098856 6235.70725219 175.591206802 5200.0 5200.0 5.27787565803
8729.30296898 7490.17070863 6235.73379657 175.19093295 4500.0 4500.0 6.5596454607
8919.11755974 8059.25295583 6235.81443795 177.596323305 5400.0 5400.0 5.0768137282
8751.03685599 7430.82154777 6235.83105295 176.795078317 4400.0 4400.0 6.88637109667
8723.17997406 7550.32490877 6235.86733047 174.417875869 4600.0 4600.0 6.29575167779
8808.58317344 7862.90035793 6235.86902443 174.983837141 5100.0 5100.0 5.40353936417
8755.69930288 7735.58297318 6235.90264712 174.013159731 4900.0 4900.0 5.6925658883
8879.38706885 7993.10079675 6235.92683252 176.695142693 5300.0 5300.0 5.17734469312
8737.91328438 7673.04767472 6235.95165277 173.898538977 4800.0 4800.0 5.86849507691
8780.13732298 7798.86737107 6235.95494389 174.468782641 5000.0 5000.0 5.54176944093
8731.9399879 7490.15404012 6235.96920804 175.467305542 4500.0 4500.0 6.57221183131
8727.0002544 7611.28663768 6235.98005791 174.05640415 4700.0 4700.0 6.06955700674
8753.71324703 7430.80612156 6236.04298344 177.05789459 4400.0 4400.0 6.89893746728
8843.31214584 7927.63480709 6236.08501769 175.951555104 5200.0 5200.0 5.29044202865
8725.77941389 7550.3069761 6236.12510265 174.707145031 4600.0 4600.0 6.30831804841
8734.57769432 7490.13737893 6236.20414404 175.743487295 4500.0 4500.0 6.58477820192
8758.19156257 7735.56105538 6236.22375478 174.339184357 4900.0 4900.0 5.70513225892
8921.45148631 8059.22379461 6236.22574085 177.978247386 5400.0 5400.0 5.08938009882
8811.00914656 7862.87563017 6236.22852203 175.332928693 5100.0 5100.0 5.41610573479
8740.44034839 7673.0271176 6236.25231175 174.212594269 4800.0 4800.0 5.88106144752
8756.39027131 7430.79070211 6236.25448207 177.320529309 4400.0 4400.0 6.9115038379
8729.5631544 7611.26741013 6236.25951669 174.358189411 4700.0 4700.0 6.08212337735
8782.59610218 7798.84406533 6236.29551697 174.806423812 5000.0 5000.0 5.55433581155
8881.75095993 7993.07314444 6236.32145656 177.066280016 5300.0 5300.0 5.18991106373
8728.3795886 7550.28905131 6236.38236178 174.99621483 4600.0 4600.0 6.32088441902
8737.21608674 7490.12072506 6236.43860584 176.019478384 4500.0 4500.0 6.59734457254
8845.70705432 7927.60863709 6236.46213612 176.31166144 5200.0 5200.0 5.30300839926
8759.06792743 7430.77528942 6236.46555003 177.582982642 4400.0 4400.0 6.92407020851
8732.12683146 7611.24819104 6236.53842957 174.65976728 4700.0 4700.0 6.09468974796
8760.68466985 7735.53914722 6236.54426348 174.664986662 4900.0 4900.0 5.71769862953
8742.96822719 7673.00656952 6236.55239604 174.526434501 4800.0 4800.0 5.89362781813
8813.43601866 7862.85091327 6236.58738513 175.681784549 5100.0 5100.0 5.4286721054
8785.05575652 7798.82076983 6236.63547159 175.143835842 5000.0 5000.0 5.56690218216
8730.98049663 7550.27113441 6236.63910923 175.285085449 4600.0 4600.0 6.33345078964
8739.85516367 7490.1040785 6236.67259474 176.295278987 4500.0 4500.0 6.60991094315
8761.74621403 7430.75988347 6236.67618851 177.845254758 4400.0 4400.0 6.93663657913
8884.11578492 7993.04550423 6236.71542563 177.437169614 5300.0 5300.0 5.20247743434
8734.69128397 7611.22898041 6236.81679795 174.961137944 4700.0 4700.0 6.10725611858
8848.1028803 7927.58247855 6236.83860881 176.671526019 5200.0 5200.0 5.31557476987
8745.49691915 7672.98603048 6236.85190706 174.840059869 4800.0 4800.0 5.90619418875
8763.17862309 7735.51724869 6236.86417464 174.990566844 4900.0 4900.0 5.73026500015
8733.58213643 7550.25322538 6236.89534634 175.573757071 4600.0 4600.0 6.34601716025
8742.49492365 7490.08743925 6236.90611203 176.570889279 4500.0 4500.0 6.62247731377
8815.86378814 7862.82620721 6236.94561511 176.030404914 5100.0 5100.0 5.44123847602
8787.51628438 7798.79748457 6236.97480916 175.481018933 5000.0 5000.0 5.57946855278
8737.25651032 7611.20977822 6237.09462322 175.262301594 4700.0 4700.0 6.11982248919
8886.48154228 7993.01787609 6237.10874102 177.807811696 5300.0 5300.0 5.21504380496
8745.1353652 7490.0708073 6237.13915897 176.846309437 4500.0 4500.0 6.63504368438
8748.02642264 7672.96550048 6237.15084621 175.153470564 4800.0 4800.0 5.91876055936
8736.18450646 7550.23532422 6237.15107446 175.862229878 4600.0 4600.0 6.35858353087
8765.67342063 7735.4953598 6237.18348967 175.315925101 4900.0 4900.0 5.74283137076
8850.49962219 7927.55633147 6237.21443711 177.031149049 5200.0 5200.0 5.32814114049
8818.29245337 7862.80151199 6237.30321335 176.378789995 5100.0 5100.0 5.45380484663
8789.97768413 7798.77420953 6237.31353108 175.817973285 5000.0 5000.0 5.59203492339
8747.77648684 7490.05418265 6237.37173685 177.121539637 4500.0 4500.0 6.647610055
8739.82250893 7611.19058449 6237.37190676 175.563258416 4700.0 4700.0 6.13238885981
8738.78760515 7550.21743092 6237.40629494 176.150504054 4600.0 4600.0 6.37114990148
8750.55673604 7672.9449795 6237.44921491 175.466666782 4800.0 4800.0 5.93132692998
8768.16906084 7735.47348052 6237.50220999 175.641061632 4900.0 4900.0 5.75539774138
8852.89727841 7927.53019583 6237.58962235 177.390530736 5200.0 5200.0 5.3407075111
8750.41828711 7490.03756529 6237.60384694 177.396580055 4500.0 4500.0 6.66017642561
8742.38927819 7611.17139919 6237.64864996 175.864008599 4700.0 4700.0 6.14495523042
8792.43995415 7798.75094472 6237.65163874 176.154699101 5000.0 5000.0 5.604601294
8820.72201278 7862.7768276 6237.66018122 176.726939994 5100.0 5100.0 5.46637121725
8741.39143099 7550.19954549 6237.6610091 176.43857978 4600.0 4600.0 6.38371627209
8753.08785771 7672.92446755 6237.74701457 175.779648714 4800.0 4800.0 5.94389330059
8770.66554211 7735.45161086 6237.82033701 175.965976633 4900.0 4900.0 5.76796411199
8753.06076456 7490.02095522 6237.8354905 177.671430866 4500.0 4500.0 6.67274279622
8743.99598242 7550.18166792 6237.91521829 176.726457239 4600.0 4600.0 6.39628264271
8744.95681652 7611.15222232 6237.9248542 176.164552332 4700.0 4700.0 6.15752160104
8855.29584741 7927.50407164 6237.96416586 177.74967129 5200.0 5200.0 5.35327388172
8794.9030928 7798.72769011 6237.98913355 176.491196582 5000.0 5000.0 5.61716766462
8823.15246474 7862.75215403 6238.01652009 177.074855118 5100.0 5100.0 5.47893758786
8755.61978606 7672.90396461 6238.04424658 176.092416553 4800.0 4800.0 5.95645967121
8755.70391772 7490.00435243 6238.06666879 177.946092245 4500.0 4500.0 6.68530916684
8773.16286279 7735.42975081 6238.13787212 176.290670302 4900.0 4900.0 5.78053048261
8746.60125791 7550.16379819 6238.16892383 177.014136612 4600.0 4600.0 6.40884901332
8747.52512234 7611.13305388 6238.20052085 176.464889801 4700.0 4700.0 6.17008797165
8797.36709847 7798.70444572 6238.3260169 176.827465929 5000.0 5000.0 5.62973403523
8758.15251946 7672.88347069 6238.34091234 176.404970493 4800.0 4800.0 5.96902604182
8825.58380766 7862.72749128 6238.37223133 177.422535571 5100.0 5100.0 5.49150395847
8749.20725594 7550.14593631 6238.42212705 177.301618081 4600.0 4600.0 6.42141538394
8775.66102127 7735.40790036 6238.45481674 176.615142836 4900.0 4900.0 5.79309685322
8750.09419406 7611.11389386 6238.47565128 176.765021194 4700.0 4700.0 6.18265434226
8760.6860563 7672.86298577 6238.63701325 176.717310726 4800.0 4800.0 5.98159241243
8799.83196956 7798.68121152 6238.66229018 177.163507342 5000.0 5000.0 5.64230040585
8751.81397499 7550.12808227 6238.67482928 177.588901828 4600.0 4600.0 6.43398175455
8828.01603995 7862.70283933 6238.7273163 177.769981556 5100.0 5100.0 5.50407032909
8752.6640301 7611.09474226 6238.75024687 177.064946698 4700.0 4700.0 6.19522071288
8778.16001592 7735.38605951 6238.77117226 176.939394431 4900.0 4900.0 5.80566322383
8754.42141353 7550.11023607 6238.92703182 177.875988033 4600.0 4600.0 6.44654812517
8763.22039498 7672.84250985 6238.93255069 177.029437444 4800.0 4800.0 5.99415878305
8802.29770443 7798.65798752 6238.99795477 177.499321023 5000.0 5000.0 5.65486677646
8755.23462891 7611.07559907 6239.02430897 177.364666501 4700.0 4700.0 6.20778708349
8780.65984514 7735.36422824 6239.08694008 177.263425285 4900.0 4900.0 5.81822959445
8765.7555339 7672.82204292 6239.22752606 177.341350839 4800.0 4800.0 6.00672515366
8757.8059889 7611.05646429 6239.29783895 177.66418079 4700.0 4700.0 6.22035345411
8804.7643015 7798.6347737 6239.33301205 177.834907172 5000.0 5000.0 5.66743314708
8783.16050731 7735.34240656 6239.40212158 177.587235594 4900.0 4900.0 5.83079596506
8768.29147146 7672.80158498 6239.52194074 177.653051103 4800.0 4800.0 6.01929152428
8760.37810851 7611.03733791 6239.57083816 177.96348975 4700.0 4700.0 6.23291982472
8785.66200082 7735.32059446 6239.71671816 177.910825555 4900.0 4900.0 5.84336233568
8770.82820607 7672.78113602 6239.8157961 177.964538428 4800.0 4800.0 6.03185789489
