9932.43619539 7376.68644011 6693.44376548 168.113908511 3500.0 3500.0 12.5161051319
9935.20048907 7376.68172453 6693.48600788 168.234921706 3500.0 3500.0 12.5286715025
9937.96492965 7376.67701065 6693.52817969 168.355864928 3500.0 3500.0 12.5412378731
9940.72951692 7376.67229847 6693.57028107 168.476738233 3500.0 3500.0 12.5538042437
9794.72273343 7424.37774318 6699.46730181 168.073435865 3600.0 3600.0 11.7495565244
9797.46596058 7424.37244887 6699.51882673 168.204910044 3600.0 3600.0 11.762122895
9800.20936096 7424.36715649 6699.57026235 168.336307356 3600.0 3600.0 11.7746892657
9802.95293426 7424.36186603 6699.62160889 168.467627864 3600.0 3600.0 11.7872556363
9805.69668019 7424.35657749 6699.67286657 168.598871633 3600.0 3600.0 11.7998220069
9808.44059846 7424.35129088 6699.72403564 168.730038727 3600.0 3600.0 11.8123883775
9811.18468878 7424.34600619 6699.7751163 168.861129208 3600.0 3600.0 11.8249547481
9813.92895085 7424.34072342 6699.82610879 168.992143141 3600.0 3600.0 11.8375211187
9816.67338437 7424.33544257 6699.87701332 169.12308059 3600.0 3600.0 11.8500874893
9819.41798907 7424.33016364 6699.92783012 169.253941618 3600.0 3600.0 11.86265386
9822.16276464 7424.32488662 6699.97855941 169.384726288 3600.0 3600.0 11.8752202306
9824.9077108 7424.31961152 6700.0292014 169.515434665 3600.0 3600.0 11.8877866012
9827.65282726 7424.31433834 6700.07975633 169.64606681 3600.0 3600.0 11.9003529718
9830.39811373 7424.30906707 6700.13022441 169.776622789 3600.0 3600.0 11.9129193424
9833.14356992 7424.30379771 6700.18060585 169.907102664 3600.0 3600.0 11.925485713
9835.88919555 7424.29853027 6700.23090088 170.037506498 3600.0 3600.0 11.9380520836
9838.63499034 7424.29326474 6700.28110971 170.167834354 3600.0 3600.0 11.9506184543
9841.38095399 7424.28800111 6700.33123257 170.298086295 3600.0 3600.0 11.9631848249
9844.12708622 7424.2827394 6700.38126965 170.428262385 3600.0 3600.0 11.9757511955
9846.87338676 7424.27747959 6700.43122118 170.558362686 3600.0 3600.0 11.9883175661
9849.61985531 7424.2722217 6700.48108738 170.688387261 3600.0 3600.0 12.0008839367
9852.36649159 7424.2669657 6700.53086846 170.818336174 3600.0 3600.0 12.0134503073
9855.11329533 7424.26171162 6700.58056462 170.948209486 3600.0 3600.0 12.0260166779
9857.86026625 7424.25645943 6700.63017609 171.07800726 3600.0 3600.0 12.0385830486
9860.60740406 7424.25120915 6700.67970307 171.207729559 3600.0 3600.0 12.0511494192
9863.35470848 7424.24596077 6700.72914578 171.337376446 3600.0 3600.0 12.0637157898
9866.10217925 7424.24071429 6700.77850442 171.466947982 3600.0 3600.0 12.0762821604
9868.84981607 7424.23546972 6700.8277792 171.596444231 3600.0 3600.0 12.088848531
9871.59761868 7424.23022704 6700.87697034 171.725865254 3600.0 3600.0 12.1014149016
9874.3455868 7424.22498626 6700.92607803 171.855211115 3600.0 3600.0 12.1139812722
9877.09372016 7424.21974737 6700.9751025 171.984481874 3600.0 3600.0 12.1265476429
9879.84201847 7424.21451038 6701.02404394 172.113677595 3600.0 3600.0 12.1391140135
9882.59048147 7424.20927529 6701.07290256 172.242798339 3600.0 3600.0 12.1516803841
9885.33910888 7424.20404208 6701.12167856 172.371844169 3600.0 3600.0 12.1642467547
9888.08790043 7424.19881078 6701.17037216 172.500815146 3600.0 3600.0 12.1768131253
9890.83685586 7424.19358136 6701.21898355 172.629711332 3600.0 3600.0 12.1893794959
9893.58597488 7424.18835383 6701.26751294 172.758532789 3600.0 3600.0 12.2019458665
9896.33525723 7424.1831282 6701.31596053 172.887279579 3600.0 3600.0 12.2145122372
9899.08470265 7424.17790445 6701.36432653 173.015951763 3600.0 3600.0 12.2270786078
9901.83431086 7424.17268259 6701.41261112 173.144549403 3600.0 3600.0 12.2396449784
9904.58408159 7424.16746261 6701.46081453 173.273072561 3600.0 3600.0 12.252211349
9907.33401458 7424.16224452 6701.50893693 173.401521299 3600.0 3600.0 12.2647777196
9910.08410956 7424.15702832 6701.55697855 173.529895676 3600.0 3600.0 12.2773440902
9912.83436627 7424.151814 6701.60493956 173.658195756 3600.0 3600.0 12.2899104608
9915.58478444 7424.14660156 6701.65282018 173.786421599 3600.0 3600.0 12.3024768315
9918.33536381 7424.141391 6701.7006206 173.914573266 3600.0 3600.0 12.3150432021
9921.08610411 7424.13618232 6701.74834101 174.042650819 3600.0 3600.0 12.3276095727
9923.83700508 7424.13097552 6701.79598162 174.170654319 3600.0 3600.0 12.3401759433
9926.58806647 7424.12577061 6701.84354262 174.298583826 3600.0 3600.0 12.3527423139
9929.339288 7424.12056756 6701.89102419 174.426439403 3600.0 3600.0 12.3653086845
9932.09066942 7424.1153664 6701.93842655 174.554221109 3600.0 3600.0 12.3778750551
9934.84221046 7424.11016711 6701.98574988 174.681929006 3600.0 3600.0 12.3904414258
9937.59391088 7424.10496969 6702.03299437 174.809563154 3600.0 3600.0 12.4030077964
9940.3457704 7424.09977415 6702.08016022 174.937123614 3600.0 3600.0 12.415574167
9943.09778878 7424.09458048 6702.12724761 175.064610447 3600.0 3600.0 12.4281405376
9945.84996575 7424.08938868 6702.17425675 175.192023714 3600.0 3600.0 12.4407069082
9948.60230106 7424.08419875 6702.22118782 175.319363474 3600.0 3600.0 12.4532732788
9951.35479446 7424.07901069 6702.26804101 175.446629789 3600.0 3600.0 12.4658396494
9954.10744568 7424.07382449 6702.31481651 175.573822719 3600.0 3600.0 12.4784060201
9956.86025447 7424.06864017 6702.36151451 175.700942324 3600.0 3600.0 12.4909723907
9959.61322058 7424.06345771 6702.4081352 175.827988664 3600.0 3600.0 12.5035387613
9962.36634376 7424.05827712 6702.45467877 175.9549618 3600.0 3600.0 12.5161051319
9965.11962376 7424.05309839 6702.5011454 176.081861793 3600.0 3600.0 12.5286715025
9967.87306031 7424.04792152 6702.54753527 176.208688701 3600.0 3600.0 12.5412378731
9970.62665318 7424.04274652 6702.59384858 176.335442585 3600.0 3600.0 12.5538042437
9679.05554465 7473.09431937 6705.04115918 168.042605674 3700.0 3700.0 11.0709725113
9681.77636101 7473.08840953 6705.10315278 168.184646737 3700.0 3700.0 11.0835388819
9684.49737973 7473.08250186 6705.16503563 168.326604005 3700.0 3700.0 11.0961052525
9687.21860042 7473.07659636 6705.22680801 168.46847755 3700.0 3700.0 11.1086716231
9689.94002274 7473.07069302 6705.2884702 168.610267441 3700.0 3700.0 11.1212379937
9692.66164631 7473.06479185 6705.3500225 168.751973747 3700.0 3700.0 11.1338043643
9695.38347078 7473.05889283 6705.41146518 168.89359654 3700.0 3700.0 11.1463707349
9698.10549578 7473.05299598 6705.47279854 169.035135888 3700.0 3700.0 11.1589371056
9700.82772096 7473.04710129 6705.53402286 169.176591861 3700.0 3700.0 11.1715034762
9703.55014595 7473.04120875 6705.59513841 169.317964529 3700.0 3700.0 11.1840698468
9706.2727704 7473.03531838 6705.65614549 169.459253962 3700.0 3700.0 11.1966362174
9708.99559396 7473.02943016 6705.71704437 169.600460229 3700.0 3700.0 11.209202588
9711.71861626 7473.02354409 6705.77783534 169.741583398 3700.0 3700.0 11.2217689586
9714.44183696 7473.01766018 6705.83851866 169.882623541 3700.0 3700.0 11.2343353292
9717.1652557 7473.01177842 6705.89909462 170.023580725 3700.0 3700.0 11.2469016999
9719.88887212 7473.00589881 6705.9595635 170.164455021 3700.0 3700.0 11.2594680705
9722.61268589 7473.00002135 6706.01992557 170.305246496 3700.0 3700.0 11.2720344411
9725.33669663 7472.99414604 6706.08018111 170.445955221 3700.0 3700.0 11.2846008117
9728.06090402 7472.98827288 6706.14033039 170.586581264 3700.0 3700.0 11.2971671823
9730.7853077 7472.98240186 6706.20037368 170.727124694 3700.0 3700.0 11.3097335529
9733.50990731 7472.97653299 6706.26031127 170.86758558 3700.0 3700.0 11.3222999235
9736.23470252 7472.97066627 6706.32014341 171.007963991 3700.0 3700.0 11.3348662942
9738.95969298 7472.96480169 6706.37987038 171.148259995 3700.0 3700.0 11.3474326648
9741.68487835 7472.95893925 6706.43949244 171.288473661 3700.0 3700.0 11.3599990354
9744.41025828 7472.95307895 6706.49900988 171.428605057 3700.0 3700.0 11.372565406
9747.13583243 7472.94722079 6706.55842295 171.568654252 3700.0 3700.0 11.3851317766
9749.86160046 7472.94136477 6706.61773193 171.708621315 3700.0 3700.0 11.3976981472
9752.58756203 7472.93551088 6706.67693707 171.848506313 3700.0 3700.0 11.4102645178
9755.31371679 7472.92965914 6706.73603865 171.988309316 3700.0 3700.0 11.4228308885
9758.04006442 7472.92380952 6706.79503692 172.12803039 3700.0 3700.0 11.4353972591
9760.76660457 7472.91796205 6706.85393216 172.267669605 3700.0 3700.0 11.4479636297
9763.4933369 7472.9121167 6706.91272462 172.407227027 3700.0 3700.0 11.4605300003
9766.22026108 7472.90627348 6706.97141457 172.546702727 3700.0 3700.0 11.4730963709
9768.94737678 7472.9004324 6707.03000227 172.68609677 3700.0 3700.0 11.4856627415
9771.67468367 7472.89459344 6707.08848797 172.825409225 3700.0 3700.0 11.4982291121
9774.4021814 7472.88875662 6707.14687194 172.96464016 3700.0 3700.0 11.5107954828
9777.12986965 7472.88292192 6707.20515443 173.103789642 3700.0 3700.0 11.5233618534
9779.85774808 7472.87708934 6707.2633357 173.242857739 3700.0 3700.0 11.535928224
9782.58581637 7472.87125889 6707.32141602 173.381844519 3700.0 3700.0 11.5484945946
9785.31407419 7472.86543057 6707.37939563 173.520750048 3700.0 3700.0 11.5610609652
9788.0425212 7472.85960436 6707.43727478 173.659574395 3700.0 3700.0 11.5736273358
9790.77115709 7472.85378028 6707.49505374 173.798317627 3700.0 3700.0 11.5861937064
9793.49998152 7472.84795831 6707.55273276 173.936979811 3700.0 3700.0 11.5987600771
9796.22899417 7472.84213847 6707.61031208 174.075561014 3700.0 3700.0 11.6113264477
9798.95819472 7472.83632074 6707.66779197 174.214061304 3700.0 3700.0 11.6238928183
9801.68758284 7472.83050513 6707.72517267 174.352480747 3700.0 3700.0 11.6364591889
9804.41715821 7472.82469163 6707.78245442 174.49081941 3700.0 3700.0 11.6490255595
9807.1469205 7472.81888025 6707.83963749 174.62907736 3700.0 3700.0 11.6615919301
9809.8768694 7472.81307098 6707.89672212 174.767254665 3700.0 3700.0 11.6741583007
9812.60700458 7472.80726383 6707.95370855 174.905351391 3700.0 3700.0 11.6867246714
9815.33732573 7472.80145878 6708.01059704 175.043367604 3700.0 3700.0 11.699291042
9818.06783253 7472.79565584 6708.06738782 175.181303371 3700.0 3700.0 11.7118574126
9820.79852466 7472.78985502 6708.12408115 175.31915876 3700.0 3700.0 11.7244237832
9823.5294018 7472.7840563 6708.18067726 175.456933835 3700.0 3700.0 11.7369901538
9826.26046364 7472.77825968 6708.23717641 175.594628665 3700.0 3700.0 11.7495565244
9828.99170986 7472.77246517 6708.29357883 175.732243314 3700.0 3700.0 11.762122895
9831.72314016 7472.76667276 6708.34988476 175.86977785 3700.0 3700.0 11.7746892657
9834.45475421 7472.76088246 6708.40609446 176.007232339 3700.0 3700.0 11.7872556363
9837.1865517 7472.75509426 6708.46220815 176.144606846 3700.0 3700.0 11.7998220069
9839.91853233 7472.74930816 6708.51822607 176.281901438 3700.0 3700.0 11.8123883775
9842.65069577 7472.74352415 6708.57414848 176.419116181 3700.0 3700.0 11.8249547481
9845.38304173 7472.73774225 6708.62997559 176.556251141 3700.0 3700.0 11.8375211187
9848.1155699 7472.73196244 6708.68570766 176.693306384 3700.0 3700.0 11.8500874893
9850.84827995 7472.72618473 6708.74134491 176.830281976 3700.0 3700.0 11.86265386
9853.5811716 7472.72040911 6708.79688759 176.967177981 3700.0 3700.0 11.8752202306
9856.31424453 7472.71463559 6708.85233592 177.103994467 3700.0 3700.0 11.8877866012
9859.04749843 7472.70886416 6708.90769015 177.240731498 3700.0 3700.0 11.9003529718
9861.78093301 7472.70309482 6708.9629505 177.37738914 3700.0 3700.0 11.9129193424
9864.51454795 7472.69732757 6709.01811721 177.513967459 3700.0 3700.0 11.925485713
9867.24834296 7472.69156241 6709.07319051 177.65046652 3700.0 3700.0 11.9380520836
9869.98231774 7472.68579934 6709.12817063 177.786886389 3700.0 3700.0 11.9506184543
9872.71647197 7472.68003835 6709.1830578 177.92322713 3700.0 3700.0 11.9631848249
9582.47382243 7522.81577874 6710.15218999 168.033819954 3800.0 3800.0 10.4677867218
9585.17093455 7522.80921663 6710.22581956 168.186503688 3800.0 3800.0 10.4803530924
9587.86828078 7522.80265695 6710.29931431 168.339096703 3800.0 3800.0 10.492919463
9590.56586066 7522.79609969 6710.37267459 168.491599076 3800.0 3800.0 10.5054858336
9593.26367376 7522.78954484 6710.44590075 168.644010882 3800.0 3800.0 10.5180522042
9595.96171965 7522.78299242 6710.51899317 168.796332198 3800.0 3800.0 10.5306185748
9598.65999789 7522.77644241 6710.59195218 168.948563098 3800.0 3800.0 10.5431849454
9601.35850803 7522.76989482 6710.66477814 169.10070366 3800.0 3800.0 10.5557513161
9604.05724965 7522.76334964 6710.73747141 169.252753958 3800.0 3800.0 10.5683176867
9606.75622231 7522.75680687 6710.81003234 169.404714068 3800.0 3800.0 10.5808840573
9609.45542559 7522.75026652 6710.88246126 169.556584066 3800.0 3800.0 10.5934504279
9612.15485904 7522.74372858 6710.95475855 169.708364026 3800.0 3800.0 10.6060167985
9614.85452225 7522.73719304 6711.02692453 169.860054025 3800.0 3800.0 10.6185831691
9617.55441478 7522.73065991 6711.09895956 170.011654137 3800.0 3800.0 10.6311495397
9620.2545362 7522.72412919 6711.17086398 170.163164438 3800.0 3800.0 10.6437159104
9622.9548861 7522.71760088 6711.24263814 170.314585003 3800.0 3800.0 10.656282281
9625.65546404 7522.71107497 6711.31428237 170.465915906 3800.0 3800.0 10.6688486516
9628.35626961 7522.70455146 6711.38579702 170.617157223 3800.0 3800.0 10.6814150222
9631.05730238 7522.69803035 6711.45718244 170.768309029 3800.0 3800.0 10.6939813928
9633.75856193 7522.69151164 6711.52843895 170.919371397 3800.0 3800.0 10.7065477634
9636.46004784 7522.68499533 6711.59956689 171.070344404 3800.0 3800.0 10.719114134
9639.16175969 7522.67848142 6711.67056661 171.221228124 3800.0 3800.0 10.7316805047
9641.86369708 7522.6719699 6711.74143844 171.37202263 3800.0 3800.0 10.7442468753
9644.56585957 7522.66546078 6711.81218271 171.522727998 3800.0 3800.0 10.7568132459
9647.26824676 7522.65895405 6711.88279976 171.673344303 3800.0 3800.0 10.7693796165
9649.97085824 7522.65244971 6711.95328992 171.823871617 3800.0 3800.0 10.7819459871
9652.67369359 7522.64594776 6712.02365352 171.974310016 3800.0 3800.0 10.7945123577
9655.37675239 7522.6394482 6712.09389088 172.124659574 3800.0 3800.0 10.8070787283
9658.08003425 7522.63295103 6712.16400235 172.274920364 3800.0 3800.0 10.819645099
9660.78353876 7522.62645625 6712.23398824 172.425092462 3800.0 3800.0 10.8322114696
9663.4872655 7522.61996385 6712.30384889 172.57517594 3800.0 3800.0 10.8447778402
9666.19121407 7522.61347383 6712.37358461 172.725170872 3800.0 3800.0 10.8573442108
9668.89538406 7522.6069862 6712.44319574 172.875077333 3800.0 3800.0 10.8699105814
9671.59977508 7522.60050095 6712.51268259 173.024895396 3800.0 3800.0 10.882476952
9674.30438672 7522.59401808 6712.58204549 173.174625134 3800.0 3800.0 10.8950433226
9677.00921857 7522.58753758 6712.65128477 173.324266622 3800.0 3800.0 10.9076096933
9679.71427024 7522.58105947 6712.72040073 173.473819932 3800.0 3800.0 10.9201760639
9682.41954133 7522.57458373 6712.7893937 173.623285138 3800.0 3800.0 10.9327424345
9685.12503144 7522.56811037 6712.858264 173.772662314 3800.0 3800.0 10.9453088051
9687.83074017 7522.56163938 6712.92701195 173.921951532 3800.0 3800.0 10.9578751757
9690.53666714 7522.55517076 6712.99563785 174.071152866 3800.0 3800.0 10.9704415463
9693.24281193 7522.54870451 6713.06414203 174.220266389 3800.0 3800.0 10.9830079169
9695.94917417 7522.54224063 6713.1325248 174.369292173 3800.0 3800.0 10.9955742876
9698.65575345 7522.53577912 6713.20078647 174.518230293 3800.0 3800.0 11.0081406582
9701.3625494 7522.52931998 6713.26892735 174.667080819 3800.0 3800.0 11.0207070288
9704.06956161 7522.5228632 6713.33694776 174.815843827 3800.0 3800.0 11.0332733994
9706.77678969 7522.51640879 6713.404848 174.964519387 3800.0 3800.0 11.04583977
9709.48423327 7522.50995674 6713.47262839 175.113107573 3800.0 3800.0 11.0584061406
9712.19189195 7522.50350705 6713.54028922 175.261608458 3800.0 3800.0 11.0709725113
9714.89976536 7522.49705972 6713.60783081 175.410022113 3800.0 3800.0 11.0835388819
9717.60785309 7522.49061476 6713.67525346 175.558348612 3800.0 3800.0 11.0961052525
9720.31615478 7522.48417215 6713.74255748 175.706588026 3800.0 3800.0 11.1086716231
9723.02467004 7522.47773189 6713.80974316 175.854740427 3800.0 3800.0 11.1212379937
9725.73339848 7522.47129399 6713.87681082 176.002805889 3800.0 3800.0 11.1338043643
9728.44233973 7522.46485845 6713.94376076 176.150784483 3800.0 3800.0 11.1463707349
9731.15149341 7522.45842526 6714.01059327 176.298676281 3800.0 3800.0 11.1589371056
9733.86085914 7522.45199442 6714.07730865 176.446481355 3800.0 3800.0 11.1715034762
9736.57043654 7522.44556593 6714.1439072 176.594199777 3800.0 3800.0 11.1840698468
9739.28022525 7522.43913979 6714.21038923 176.741831618 3800.0 3800.0 11.1966362174
9741.99022487 7522.43271599 6714.27675502 176.889376951 3800.0 3800.0 11.209202588
9744.70043505 7522.42629455 6714.34300487 177.036835848 3800.0 3800.0 11.2217689586
9747.4108554 7522.41987544 6714.40913908 177.184208379 3800.0 3800.0 11.2343353292
9750.12148556 7522.41345869 6714.47515795 177.331494616 3800.0 3800.0 11.2469016999
9752.83232515 7522.40704427 6714.54106175 177.478694631 3800.0 3800.0 11.2594680705
9755.54337381 7522.40063219 6714.60685079 177.625808495 3800.0 3800.0 11.2720344411
9758.25463116 7522.39422246 6714.67252535 177.772836279 3800.0 3800.0 11.2846008117
9760.96609685 7522.38781506 6714.73808573 177.919778055 3800.0 3800.0 11.2971671823
9502.05763522 7573.52312451 6714.78048887 168.028834039 3900.0 3900.0 9.92743278534
9504.72977985 7573.51587306 6714.86690162 168.192226179 3900.0 3900.0 9.93999915596
9507.40219277 7573.5086243 6714.95315305 168.355520696 3900.0 3900.0 9.95256552657
9510.07487345 7573.50137823 6715.0392436 168.51871767 3900.0 3900.0 9.96513189719
9512.74782135 7573.49413485 6715.12517371 168.681817184 3900.0 3900.0 9.9776982678
9515.42103598 7573.48689415 6715.2109438 168.844819319 3900.0 3900.0 9.99026463842
9518.09451679 7573.47965615 6715.2965543 169.007724157 3900.0 3900.0 10.002831009
9520.76826328 7573.47242082 6715.38200565 169.170531779 3900.0 3900.0 10.0153973796
9523.44227494 7573.46518819 6715.46729827 169.333242267 3900.0 3900.0 10.0279637503
9526.11655124 7573.45795823 6715.55243259 169.495855703 3900.0 3900.0 10.0405301209
9528.79109168 7573.45073095 6715.63740902 169.658372167 3900.0 3900.0 10.0530964915
9531.46589573 7573.44350636 6715.722228 169.820791741 3900.0 3900.0 10.0656628621
9534.14096291 7573.43628444 6715.80688994 169.983114506 3900.0 3900.0 10.0782292327
9536.81629268 7573.42906519 6715.89139526 170.145340542 3900.0 3900.0 10.0907956033
9539.49188456 7573.42184862 6715.97574438 170.307469932 3900.0 3900.0 10.1033619739
9542.16773803 7573.41463473 6716.05993772 170.469502755 3900.0 3900.0 10.1159283446
9544.84385259 7573.4074235 6716.1439757 170.631439093 3900.0 3900.0 10.1284947152
9547.52022774 7573.40021495 6716.22785872 170.793279026 3900.0 3900.0 10.1410610858
9550.19686298 7573.39300906 6716.3115872 170.955022635 3900.0 3900.0 10.1536274564
9552.87375781 7573.38580585 6716.39516155 171.11667 3900.0 3900.0 10.166193827
9555.55091173 7573.37860529 6716.47858218 171.278221202 3900.0 3900.0 10.1787601976
9558.22832425 7573.37140741 6716.5618495 171.439676321 3900.0 3900.0 10.1913265682
9560.90599486 7573.36421218 6716.64496392 171.601035437 3900.0 3900.0 10.2038929389
9563.58392309 7573.35701962 6716.72792583 171.762298631 3900.0 3900.0 10.2164593095
9566.26210843 7573.34982971 6716.81073566 171.923465983 3900.0 3900.0 10.2290256801
9568.9405504 7573.34264246 6716.89339379 172.084537573 3900.0 3900.0 10.2415920507
9571.6192485 7573.33545787 6716.97590062 172.245513481 3900.0 3900.0 10.2541584213
9574.29820226 7573.32827594 6717.05825657 172.406393786 3900.0 3900.0 10.2667247919
9576.97741118 7573.32109666 6717.14046203 172.567178568 3900.0 3900.0 10.2792911625
9579.65687478 7573.31392003 6717.22251739 172.727867908 3900.0 3900.0 10.2918575332
9582.33659258 7573.30674606 6717.30442305 172.888461884 3900.0 3900.0 10.3044239038
9585.0165641 7573.29957473 6717.38617941 173.048960577 3900.0 3900.0 10.3169902744
9587.69678886 7573.29240605 6717.46778686 173.209364065 3900.0 3900.0 10.329556645
9590.37726637 7573.28524002 6717.54924579 173.369672429 3900.0 3900.0 10.3421230156
9593.05799616 7573.27807663 6717.63055659 173.529885747 3900.0 3900.0 10.3546893862
9595.73897776 7573.27091589 6717.71171965 173.690004098 3900.0 3900.0 10.3672557568
9598.42021069 7573.26375778 6717.79273536 173.850027563 3900.0 3900.0 10.3798221275
9601.10169447 7573.25660232 6717.8736041 174.009956219 3900.0 3900.0 10.3923884981
9603.78342865 7573.2494495 6717.95432627 174.169790146 3900.0 3900.0 10.4049548687
9606.46541274 7573.24229932 6718.03490224 174.329529422 3900.0 3900.0 10.4175212393
9609.14764628 7573.23515177 6718.1153324 174.489174127 3900.0 3900.0 10.4300876099
9611.83012879 7573.22800686 6718.19561713 174.648724339 3900.0 3900.0 10.4426539805
9614.51285982 7573.22086458 6718.27575681 174.808180137 3900.0 3900.0 10.4552203511
9828.13278272 9178.32443132 6718.34821724 168.179456115 6500.0 6500.0 4.48619430933
9617.19583891 7573.21372493 6718.35575182 174.967541599 3900.0 3900.0 10.4677867218
9619.87906557 7573.20658792 6718.43560253 175.126808804 3900.0 3900.0 10.4803530924
9622.56253936 7573.19945353 6718.51530933 175.285981831 3900.0 3900.0 10.492919463
9625.24625982 7573.19232177 6718.59487258 175.445060757 3900.0 3900.0 10.5054858336
9627.93022648 7573.18519264 6718.67429267 175.604045661 3900.0 3900.0 10.5180522042
9630.61443889 7573.17806613 6718.75356996 175.76293662 3900.0 3900.0 10.5306185748
9633.29889658 7573.17094224 6718.83270482 175.921733714 3900.0 3900.0 10.5431849454
9830.07737677 9178.28764464 6718.8477031 168.605325036 6500.0 6500.0 4.49876067994
9635.98359911 7573.16382098 6718.91169764 176.08043702 3900.0 3900.0 10.5557513161
9638.66854602 7573.15670234 6718.99054876 176.239046616 3900.0 3900.0 10.5683176867
9437.58619645 7625.19114578 6718.99085356 168.150069697 4000.0 4000.0 9.449910702
9641.35373686 7573.14958631 6719.06925857 176.397562579 3900.0 3900.0 10.5808840573
9440.23240248 7625.18317002 6719.09100529 168.324143495 4000.0 4000.0 9.46247707261
9644.03917118 7573.14247291 6719.14782743 176.555984989 3900.0 3900.0 10.5934504279
9442.87891262 7625.17519724 6719.19096749 168.498112867 4000.0 4000.0 9.47504344323
9646.72484853 7573.13536212 6719.2262557 176.714313921 3900.0 3900.0 10.6060167985
9445.52572624 7625.16722743 6719.29074067 168.671977899 4000.0 4000.0 9.48760981384
9649.41076845 7573.12825394 6719.30454375 176.872549454 3900.0 3900.0 10.6185831691
9832.02279289 9178.25087156 6719.346633 169.030960635 6500.0 6500.0 4.51132705055
9652.0969305 7573.12114838 6719.38269194 177.030691666 3900.0 3900.0 10.6311495397
9448.17284275 7625.1592606 6719.39032534 168.845738681 4000.0 4000.0 9.50017618446
9654.78333424 7573.11404543 6719.46070063 177.188740633 3900.0 3900.0 10.6437159104
9450.82026153 7625.15129673 6719.48972203 169.019395298 4000.0 4000.0 9.51274255507
9657.46997922 7573.10694509 6719.53857019 177.346696434 3900.0 3900.0 10.656282281
9453.46798198 7625.14333583 6719.58893122 169.192947839 4000.0 4000.0 9.52530892568
9660.156865 7573.09984736 6719.61630097 177.504559145 3900.0 3900.0 10.6688486516
9456.11600349 7625.1353779 6719.68795343 169.36639639 4000.0 4000.0 9.5378752963
9662.84399113 7573.09275223 6719.69389332 177.662328843 3900.0 3900.0 10.6814150222
9665.53135717 7573.08565972 6719.77134762 177.820005606 3900.0 3900.0 10.6939813928
9458.76432548 7625.12742294 6719.78678918 169.539741038 4000.0 4000.0 9.55044166691
9833.96903027 9178.2141121 6719.84500755 169.456363063 6500.0 6500.0 4.52389342117
9668.21896269 7573.0785698 6719.84866421 177.977589511 3900.0 3900.0 10.7065477634
9461.41294733 7625.11947094 6719.88543895 169.712981871 4000.0 4000.0 9.56300803753
9464.06186846 7625.1115219 6719.98390325 169.886118976 4000.0 4000.0 9.57557440814
9466.71108826 7625.10357583 6720.08218259 170.059152438 4000.0 4000.0 9.58814077876
9469.36060615 7625.09563271 6720.18027745 170.232082345 4000.0 4000.0 9.60070714937
9776.56158655 9108.16551452 6720.21970953 168.358772066 6400.0 6400.0 4.57415890363
9472.01042153 7625.08769255 6720.27818834 170.404908783 4000.0 4000.0 9.61327351998
9835.91608816 9178.17736624 6720.34282734 169.881532474 6500.0 6500.0 4.53645979178
9474.66053381 7625.07975535 6720.37591576 170.57763184 4000.0 4000.0 9.6258398906
9477.31094241 7625.0718211 6720.47346019 170.750251601 4000.0 4000.0 9.63840626121
9479.96164674 7625.0638898 6720.57082213 170.922768152 4000.0 4000.0 9.65097263183
9482.61264621 7625.05596146 6720.66800206 171.09518158 4000.0 4000.0 9.66353900244
9778.5289262 9108.13020393 6720.70771688 168.775729295 6400.0 6400.0 4.58672527424
9485.26394025 7625.04803606 6720.76500048 171.267491972 4000.0 4000.0 9.67610537306
9837.86396576 9178.14063397 6720.84009298 170.306469022 6500.0 6500.0 4.5490261624
9487.91552826 7625.04011361 6720.86181787 171.439699412 4000.0 4000.0 9.68867174367
9490.56740968 7625.03219411 6720.95845472 171.611803988 4000.0 4000.0 9.70123811429
9493.21958393 7625.02427755 6721.05491151 171.783805785 4000.0 4000.0 9.7138044849
9495.87205042 7625.01636394 6721.15118872 171.955704889 4000.0 4000.0 9.72637085551
9780.49709025 9108.09490645 6721.19516163 169.192456576 6400.0 6400.0 4.59929164486
9498.5248086 7625.00845327 6721.24728683 172.127501385 4000.0 4000.0 9.73893722613
9839.81266229 9178.10391528 6721.33680507 170.731172859 6500.0 6500.0 4.56159253301
9501.17785787 7625.00054553 6721.34320632 172.29919536 4000.0 4000.0 9.75150359674
9503.83119768 7624.99264073 6721.43894767 172.470786898 4000.0 4000.0 9.76406996736
9506.48482746 7624.98473887 6721.53451135 172.642276086 4000.0 4000.0 9.77663633797
9509.13874664 7624.97683995 6721.62989784 172.813663009 4000.0 4000.0 9.78920270859
9782.46607788 9108.05962207 6721.68204444 169.608954061 6400.0 6400.0 4.61185801547
9511.79295465 7624.96894395 6721.7251076 172.984947751 4000.0 4000.0 9.8017690792
9514.44745093 7624.96105089 6721.82014111 173.156130398 4000.0 4000.0 9.81433544981
9841.76217698 9178.06721018 6721.83296421 171.155644138 6500.0 6500.0 4.57415890363
9725.91644302 9038.57647723 6721.89881314 168.386554728 6300.0 6300.0 4.66212349793
9517.10223492 7624.95316076 6721.91499884 173.327211036 4000.0 4000.0 9.82690182043
9519.75730606 7624.94527356 6722.00968125 173.498189749 4000.0 4000.0 9.83946819104
9522.41266379 7624.93738928 6722.10418881 173.669066622 4000.0 4000.0 9.85203456166
9784.43588827 9108.02435077 6722.16836596 170.025221904 6400.0 6400.0 4.62442438608
9525.06830756 7624.92950793 6722.19852198 173.83984174 4000.0 4000.0 9.86460093227
9527.7242368 7624.9216295 6722.29268123 174.010515188 4000.0 4000.0 9.87716730289
9843.71250904 9178.03051864 6722.32857101 171.579883011 6500.0 6500.0 4.58672527424
9727.90687536 9038.54261814 6722.375012 168.794554774 6300.0 6300.0 4.67468986854
9530.38045097 7624.91375399 6722.38666701 174.18108705 4000.0 4000.0 9.8897336735
9533.03694952 7624.9058814 6722.48047979 174.351557412 4000.0 4000.0 9.90230004412
9535.69373188 7624.89801174 6722.57412002 174.521926357 4000.0 4000.0 9.91486641473
9383.55790304 7677.81120132 6722.65204884 168.157488797 4100.0 4100.0 9.0100877305
9786.40652058 9107.98909256 6722.65412684 170.441260257 6400.0 6400.0 4.6369907567
9538.35079753 7624.89014498 6722.66758816 174.69219397 4000.0 4000.0 9.92743278534
9541.0081459 7624.88228115 6722.76088466 174.862360335 4000.0 4000.0 9.93999915596
9386.17689246 7677.80246239 6722.76706323 168.342343811 4100.0 4100.0 9.02265410111
9845.66365771 9177.99384067 6722.82362607 172.003889632 6500.0 6500.0 4.59929164486
9729.89813355 9038.50877167 6722.85064244 169.202328336 6300.0 6300.0 4.68725623916
9543.66577646 7624.87442022 6722.85400999 175.032425537 4000.0 4000.0 9.95256552657
9388.7962238 7677.79372673 6722.88185789 168.527087601 4100.0 4100.0 9.03522047172
9546.32368865 7624.86656221 6722.94696457 175.20238966 4000.0 4000.0 9.96513189719
9391.41589637 7677.78499435 6722.99643341 168.711720258 4100.0 4100.0 9.04778684234
9548.98188195 7624.85870711 6723.03974888 175.372252787 4000.0 4000.0 9.9776982678
9394.03590946 7677.77626523 6723.11079039 168.896241876 4100.0 4100.0 9.06035321295
9551.6403558 7624.85085492 6723.13236336 175.542015003 4000.0 4000.0 9.99026463842
9788.377974 9107.95384743 6723.13932772 170.857069275 6400.0 6400.0 4.64955712731
9554.29910967 7624.84300563 6723.22480844 175.711676392 4000.0 4000.0 10.002831009
9396.65626238 7677.76753939 6723.22492942 169.080652547 4100.0 4100.0 9.07291958357
9556.95814303 7624.83515925 6723.31708459 175.881237038 4000.0 4000.0 10.0153973796
9847.61562219 9177.95717625 6723.31812999 172.427664154 6500.0 6500.0 4.61185801547
9731.89021674 9038.47493778 6723.32570517 169.609875567 6300.0 6300.0 4.69982260977
9399.27695444 7677.75881681 6723.33885109 169.264952365 4100.0 4100.0 9.08548595418
9676.21860294 8969.56954048 6723.37743532 168.261733329 6200.0 6200.0 4.75008809223
9559.61745533 7624.82731577 6723.40919224 176.050697023 4000.0 4000.0 10.0279637503
9401.89798495 7677.7500975 6723.45255599 169.449141421 4100.0 4100.0 9.0980523248
9562.27704605 7624.8194752 6723.50113184 176.220056433 4000.0 4000.0 10.0405301209
9404.51935322 7677.74138145 6723.56604471 169.633219809 4100.0 4100.0 9.11061869541
9564.93691464 7624.81163752 6723.59290382 176.38931535 4000.0 4000.0 10.0530964915
9790.35024771 9107.91861537 6723.62396925 171.272649108 6400.0 6400.0 4.66212349793
9407.14105855 7677.73266866 6723.67931784 169.817187621 4100.0 4100.0 9.12318506602
9567.59706059 7624.80380275 6723.68450863 176.558473858 4000.0 4000.0 10.0656628621
9570.25748335 7624.79597087 6723.7759467 176.72753204 4000.0 4000.0 10.0782292327
9409.76310028 7677.72395913 6723.79237595 170.001044949 4100.0 4100.0 9.13575143664
9733.88312404 9038.44111648 6723.80020088 170.01719662 6300.0 6300.0 4.71238898038
9849.56840171 9177.92052538 6723.81208337 172.851206728 6500.0 6500.0 4.62442438608
9678.23246417 8969.53710761 6723.84150239 168.660733854 6200.0 6200.0 4.76265446284
9572.91818241 7624.78814189 6723.86721847 176.896489979 4000.0 4000.0 10.0907956033
9412.38547771 7677.71525286 6723.90521963 170.184791885 4100.0 4100.0 9.14831780725
9575.57915724 7624.7803158 6723.95832438 177.06534776 4000.0 4000.0 10.1033619739
9415.00819016 7677.70654984 6724.01784946 170.368428522 4100.0 4100.0 9.16088417787
9578.24040731 7624.77249261 6724.04926486 177.234105464 4000.0 4000.0 10.1159283446
9792.32334086 9107.88339637 6724.10805209 171.68799991 6400.0 6400.0 4.67468986854
9417.63123696 7677.69785008 6724.13026602 170.551954952 4100.0 4100.0 9.17345054848
9580.9019321 7624.76467231 6724.14004035 177.402763175 4000.0 4000.0 10.1284947152
9583.56373108 7624.75685489 6724.23065126 177.571320977 4000.0 4000.0 10.1410610858
9420.25461743 7677.68915357 6724.24246988 170.735371266 4100.0 4100.0 9.1860169191
9735.87685459 9038.40730777 6724.27413025 170.424291646 6300.0 6300.0 4.724955351
9680.24715175 8969.50468685 6724.30499609 169.059511448 6200.0 6200.0 4.77522083346
9851.52199549 9177.88388805 6724.30548682 173.274517507 6500.0 6500.0 4.6369907567
9586.22580375 7624.74904037 6724.32109804 177.739778951 4000.0 4000.0 10.1536274564
9422.87833089 7677.68046031 6724.35446161 170.918677557 4100.0 4100.0 9.19858328971
9588.88814957 7624.74122873 6724.41138111 177.908137181 4000.0 4000.0 10.166193827
9425.50237668 7677.67177031 6724.4662418 171.101873916 4100.0 4100.0 9.21114966033
9428.12675412 7677.66308354 6724.57781099 171.284960436 4100.0 4100.0 9.22371603094
9794.29725266 9107.84819042 6724.59157686 172.103121834 6400.0 6400.0 4.68725623916
9430.75146255 7677.65440003 6724.68916977 171.467937207 4100.0 4100.0 9.23628240155
9737.87140752 9038.37351163 6724.747494 170.8311608 6300.0 6300.0 4.73752172161
9682.26266475 8969.47227818 6724.76791719 169.458066264 6200.0 6200.0 4.78778720407
9853.47640275 9177.84726425 6724.79834094 173.697596644 6500.0 6500.0 4.64955712731
9433.37650129 7677.64571975 6724.80031871 171.650804321 4100.0 4100.0 9.24884877217
9436.0018697 7677.63704272 6724.91125835 171.833561869 4100.0 4100.0 9.26141514278
9438.62756709 7677.62836893 6725.02198927 172.016209944 4100.0 4100.0 9.2739815134
9796.27198225 9107.81299752 6725.07454424 172.518015032 6400.0 6400.0 4.69982260977
9629.52711208 8901.12616597 6725.09904427 168.373336188 6100.0 6100.0 4.85061905714
9441.25359282 7677.61969837 6725.13251203 172.198748635 4100.0 4100.0 9.28654788401
9739.86678195 9038.33972805 6725.22029281 171.237804233 6300.0 6300.0 4.75008809223
9684.27900227 8969.43988161 6725.23026641 169.856398455 6200.0 6200.0 4.80035357469
9443.87994623 7677.61103105 6725.24282718 172.381178035 4100.0 4100.0 9.29911425463
9855.43162272 9177.81065398 6725.29064632 174.120444291 6500.0 6500.0 4.66212349793
9446.50662666 7677.60236697 6725.35293528 172.563498234 4100.0 4100.0 9.31168062524
9449.13363345 7677.59370611 6725.46283689 172.745709323 4100.0 4100.0 9.32424699585
9631.56555112 8901.09514493 6725.5500875 168.763078916 6100.0 6100.0 4.86318542776
9798.24752884 9107.77781767 6725.55695486 172.932679656 6400.0 6400.0 4.71238898038
9451.76096596 7677.58504849 6725.57253255 172.927811394 4100.0 4100.0 9.33681336647
9454.38862353 7677.5763941 6725.68202282 173.109804536 4100.0 4100.0 9.34937973708
9686.29616338 8969.40749711 6725.69204451 170.254508172 6200.0 6200.0 4.8129199453
9741.86297703 9038.30595703 6725.69252737 171.644222098 6300.0 6300.0 4.76265446284
9857.38765462 9177.77405723 6725.78240357 174.543060599 6500.0 6500.0 4.67468986854
9457.01660552 7677.56774293 6725.79130824 173.29168884 4100.0 4100.0 9.3619461077
9339.83648218 7731.36106325 6725.8023809 168.122084259 4200.0 4200.0 8.60796387084
9459.64491127 7677.55909499 6725.90038937 173.473464398 4100.0 4100.0 9.37451247831
9342.42719766 7731.35152355 6725.93322427 168.317761803 4200.0 4200.0 8.62053024145
9633.604815 8901.06413551 6726.00055419 169.152602508 6100.0 6100.0 4.87575179837
9462.27354016 7677.55045028 6726.00926675 173.655131299 4100.0 4100.0 9.38707884893
9800.22389159 9107.74265084 6726.03880936 173.347115859 6400.0 6400.0 4.724955351
9345.01829418 7731.34198745 6726.06381636 168.51332138 4200.0 4200.0 8.63309661206
9464.90249153 7677.54180878 6726.11794092 173.836689635 4100.0 4100.0 9.39964521954
9688.31414717 8969.37512469 6726.15325222 170.652395567 6200.0 6200.0 4.82548631591
9743.85999186 9038.27219857 6726.16419839 172.050414547 6300.0 6300.0 4.77522083346
9347.60977097 7731.33245493 6726.19415785 168.708763088 4200.0 4200.0 8.64566298268
9467.53176474 7677.5331705 6726.22641242 174.018139494 4100.0 4100.0 9.41221159016
9859.34449766 9177.73747399 6726.2736133 174.965445722 6500.0 6500.0 4.68725623916
9350.20162724 7731.32292599 6726.32424941 168.904087025 4200.0 4200.0 8.65822935329
9470.16135916 7677.52453545 6726.33468179 174.199480968 4100.0 4100.0 9.42477796077
9472.79127415 7677.5159036 6726.44274957 174.380714147 4100.0 4100.0 9.43734433138
9635.64490274 8901.03313768 6726.45044512 169.541907115 6100.0 6100.0 4.88831816899
9352.7938622 7731.31340064 6726.45409172 169.099293289 4200.0 4200.0 8.67079572391
9802.20106968 9107.70749705 6726.5201084 173.761323792 6400.0 6400.0 4.73752172161
9475.42150907 7677.50727498 6726.5506163 174.56183912 4100.0 4100.0 9.449910702
9583.874867 8833.29291588 6726.57776604 168.312252771 6000.0 6000.0 4.95115002206
9355.38647507 7731.30387886 6726.58368547 169.294381978 4200.0 4200.0 8.68336209452
9690.33295272 8969.34276435 6726.61389029 171.050060794 6200.0 6200.0 4.83805268653
9745.8578256 9038.23845265 6726.63530654 172.456381732 6300.0 6300.0 4.78778720407
9478.0520633 7677.49864956 6726.65828251 174.742855978 4100.0 4100.0 9.46247707261
9357.97946508 7731.29436066 6726.71303131 169.48935319 4200.0 4200.0 8.69592846514
9861.30215108 9177.70090426 6726.7642761 175.38759981 6500.0 6500.0 4.69982260977
9480.6829362 7677.49002736 6726.76574873 174.92376481 4100.0 4100.0 9.47504344323
9360.57283143 7731.28484604 6726.84212992 169.684207023 4200.0 4200.0 8.70849483575
9483.31412714 7677.48140837 6726.87301549 175.104565707 4100.0 4100.0 9.48760981384
9637.68581338 8901.00215144 6726.89976108 169.930992889 6100.0 6100.0 4.9008845396
9363.16657336 7731.27533499 6726.97098197 169.878943574 4200.0 4200.0 8.72106120637
9485.94563549 7677.47279258 6726.98008332 175.285258757 4100.0 4100.0 9.50017618446
9804.17906229 9107.67235627 6727.00085263 174.175303609 6400.0 6400.0 4.75008809223
9585.93818726 8833.26327902 6727.01547645 168.692709884 6000.0 6000.0 4.96371639267
9692.35257912 8969.31041606 6727.07395946 171.447504004 6200.0 6200.0 4.85061905714
9488.57746064 7677.46418 6727.08695275 175.465844051 4100.0 4100.0 9.51274255507
9365.7606901 7731.26582751 6727.09958813 170.073562942 4200.0 4200.0 8.73362757698
9747.85647736 9038.20471927 6727.10585254 172.862123805 6300.0 6300.0 4.80035357469
9491.20960196 7677.45557062 6727.19362431 175.646321677 4100.0 4100.0 9.52530892568
9368.35518087 7731.25632359 6727.22794906 170.268065224 4200.0 4200.0 8.74619394759
9863.26061409 9177.66434802 6727.25439257 175.809523016 6500.0 6500.0 4.71238898038
9493.84205882 7677.44696444 6727.30009851 175.826691726 4100.0 4100.0 9.5378752963
9639.72754596 8900.97117679 6727.34850285 170.319859982 6100.0 6100.0 4.91345091021
9370.9500449 7731.24682325 6727.35606541 170.462450517 4200.0 4200.0 8.75876031821
9496.47483061 7677.43836147 6727.40637588 176.006954286 4100.0 4100.0 9.55044166691
9588.00232963 8833.23365328 6727.45260823 169.072951741 6000.0 6000.0 4.97628276329
9806.15786859 9107.63722851 6727.48104268 174.58905546 6400.0 6400.0 4.76265446284
9373.54528144 7731.23732647 6727.48393785 170.656718919 4200.0 4200.0 8.77132668882
9499.10791671 7677.42976169 6727.51245694 176.187109448 4100.0 4100.0 9.56300803753
9694.37302544 8969.27807983 6727.53346046 171.844725348 6200.0 6200.0 4.86318542776
9749.85594629 9038.17099843 6727.57583706 173.267640919 6300.0 6300.0 4.8129199453
9376.14088971 7731.22783325 6727.61156704 170.850870526 4200.0 4200.0 8.78389305944
9501.74131651 7677.42116511 6727.61834221 176.367157299 4100.0 4100.0 9.57557440814
9504.37502938 7677.41257172 6727.7240322 176.547097929 4100.0 4100.0 9.58814077876
9378.73686896 7731.2183436 6727.73895363 171.044905436 4200.0 4200.0 8.79645943005
9865.21988593 9177.62780527 6727.74396332 176.231215492 6500.0 6500.0 4.724955351
9641.77009951 8900.94021371 6727.79667124 170.708508545 6100.0 6100.0 4.92601728083
9539.28437317 8766.08275857 6727.80457681 168.077775191 5900.0 5900.0 5.05168098697
9507.00905472 7677.40398153 6727.82952743 176.726931427 4100.0 4100.0 9.60070714937
9381.33321843 7731.2088575 6727.86609827 171.238823747 4200.0 4200.0 8.80902580067
9590.06729308 8833.20403865 6727.88916223 169.452978493 6000.0 6000.0 4.9888491339
9509.64339193 7677.39539453 6727.9348284 176.906657881 4100.0 4100.0 9.61327351998
9808.13748777 9107.60211375 6727.96067921 175.002579498 6400.0 6400.0 4.77522083346
9696.39429079 8969.24575565 6727.99239405 172.241724979 6200.0 6200.0 4.87575179837
9383.92993735 7731.19937496 6727.99300161 171.432625554 4200.0 4200.0 8.82159217128
9512.27804038 7677.38681072 6728.03993564 177.086277382 4100.0 4100.0 9.6258398906
9751.85623152 9038.13729011 6728.04526081 173.672933225 6300.0 6300.0 4.82548631591
9386.52702498 7731.18989598 6728.11966431 171.626310956 4200.0 4200.0 8.83415854189
9514.91299947 7677.37823009 6728.14484965 177.265790016 4100.0 4100.0 9.63840626121
9541.37285649 8766.05447758 6728.22866184 168.448922894 5900.0 5900.0 5.06424735759
9867.1799658 9177.591276 6728.23298894 176.65267739 6500.0 6500.0 4.73752172161
9643.81347307 8900.90926221 6728.24426703 171.096938729 6100.0 6100.0 4.93858365144
9389.12448057 7731.18042055 6728.24608699 171.819880048 4200.0 4200.0 8.84672491251
9517.5482686 7677.36965266 6728.24957095 177.445195873 4100.0 4100.0 9.65097263183
9592.13307662 8833.17443511 6728.32513929 169.83279029 6000.0 6000.0 5.00141550451
9520.18384717 7677.3610784 6728.35410002 177.624495041 4100.0 4100.0 9.66353900244
9391.72230336 7731.17094867 6728.37227032 172.013332927 4200.0 4200.0 8.85929128312
9810.11791901 9107.56701199 6728.43976286 175.415875874 6400.0 6400.0 4.78778720407
9698.41637423 8969.21344352 6728.45076095 172.638503048 6200.0 6200.0 4.88831816899
9522.81973457 7677.35250733 6728.45843739 177.803687609 4100.0 4100.0 9.67610537306
9394.32049261 7731.16148034 6728.49821493 172.20666969 4200.0 4200.0 8.87185765374
9306.2579149 7785.81805197 6728.50242792 168.119444613 4300.0 4300.0 8.24353912302
9753.85733217 9038.1035943 6728.51412447 174.078000874 6300.0 6300.0 4.83805268653
9525.4559302 7677.34393944 6728.56258355 177.982773665 4100.0 4100.0 9.68867174367
9396.91904757 7731.15201556 6728.62392146 172.399890433 4200.0 4200.0 8.88442402435
9308.81957385 7785.80767555 6728.64985783 168.325925681 4300.0 4300.0 8.25610549363
9543.46215791 8766.02620721 6728.65216738 168.819859306 5900.0 5900.0 5.0768137282
9645.85766568 8900.87832228 6728.691291 171.485150687 6100.0 6100.0 4.95115002206
9869.14085294 9177.5547602 6728.72147004 177.07390886 6500.0 6500.0 4.75008809223
9399.5179675 7731.14255432 6728.74939055 172.592995253 4200.0 4200.0 8.89699039497
9594.19967923 8833.14484267 6728.76054024 170.212387284 6000.0 6000.0 5.01398187513
9311.38165345 7785.79730304 6728.79700436 168.532282148 4300.0 4300.0 8.26867186425
9402.11725165 7731.13309662 6728.87462284 172.785984246 4200.0 4200.0 8.90955676558
9700.43927486 8969.18114342 6728.90856191 173.035059707 6200.0 6200.0 4.9008845396
9812.09916148 9107.53192322 6728.91829427 175.828944741 6400.0 6400.0 4.80035357469
9313.94415282 7785.78693445 6728.94386826 168.73851412 4300.0 4300.0 8.28123823486
9755.85924738 9038.06991101 6728.98242874 174.48284402 6300.0 6300.0 4.85061905714
9404.7168993 7731.12364247 6728.99961894 172.978857508 4200.0 4200.0 8.9221231362
9545.55227638 8765.99794748 6729.07509431 169.190584576 5900.0 5900.0 5.08938009882
9316.50707109 7785.77656976 6729.09045028 168.944621698 4300.0 4300.0 8.29380460548
9407.3169097 7731.11419185 6729.12437951 173.171615136 4200.0 4200.0 8.93468950681
9647.90267638 8900.8473939 6729.13774394 171.873144569 6100.0 6100.0 4.96371639267
9497.89196853 8699.48198947 6729.1807853 168.031203679 5800.0 5800.0 5.1647783225
9596.2670999 8833.11526132 6729.19536592 170.591769625 6000.0 6000.0 5.02654824574
9871.10254657 9177.51825788 6729.20940722 177.494910055 6500.0 6500.0 4.76265446284
9319.07040738 7785.76620898 6729.2367512 169.150604987 4300.0 4300.0 8.30637097609
9409.91728212 7731.10474478 6729.24890516 173.364257224 4200.0 4200.0 8.94725587742
9702.46299177 8969.14885535 6729.36579767 173.431395108 6200.0 6200.0 4.91345091021
9412.51801583 7731.09530123 6729.37319652 173.55678387 4200.0 4200.0 8.95982224804
9321.63416083 7785.75585211 6729.38277175 169.356464089 4300.0 4300.0 8.31893734671
9814.08121436 9107.49684743 6729.3962741 176.24178625 6400.0 6400.0 4.8129199453
9757.86197629 9038.03624023 6729.4501743 174.887462813 6300.0 6300.0 4.86318542776
9415.1191101 7731.08586122 6729.49725422 173.749195168 4200.0 4200.0 8.97238861865
9547.64321082 8765.96969836 6729.49744351 169.561098855 5900.0 5900.0 5.10194646943
9324.19833057 7785.74549913 6729.52851271 169.562199108 4300.0 4300.0 8.33150371732
9649.94850421 8900.81647708 6729.58362665 172.260920527 6100.0 6100.0 4.97628276329
9500.00668507 8699.45504555 6729.59039246 168.392815162 5800.0 5800.0 5.17734469312
9417.7205642 7731.07642475 6729.62107887 173.941491215 4200.0 4200.0 8.98495498927
9598.33533763 8833.08569105 6729.62961716 170.970937465 6000.0 6000.0 5.03911461636
9326.76291574 7785.73515006 6729.67397481 169.767810146 4300.0 4300.0 8.34407008793
9873.06504591 9177.48176901 6729.69680107 177.915681126 6500.0 6500.0 4.77522083346
9420.3223774 7731.0669918 6729.74467111 174.133672106 4200.0 4200.0 8.99752135988
9329.32791547 7785.72480489 6729.81915881 169.973297306 4300.0 4300.0 8.35663645855
9704.48752404 8969.1165793 6729.82246897 173.827509401 6200.0 6200.0 4.92601728083
9422.92454899 7731.05756238 6729.86803154 174.325737937 4200.0 4200.0 9.0100877305
9816.06407684 9107.46178462 6729.87370298 176.654400552 6400.0 6400.0 4.82548631591
9759.86551803 9038.00258194 6729.91736185 175.291857405 6300.0 6300.0 4.87575179837
9549.7349602 8765.94145985 6729.91921589 169.931402293 5900.0 5900.0 5.11451284004
9331.89332892 7785.71446361 6729.96406545 170.178660691 4300.0 4300.0 8.36920282916
9425.52707824 7731.04813648 6729.99116079 174.517688803 4200.0 4200.0 9.02265410111
9502.12221327 8699.42811177 6729.99942145 168.754219551 5800.0 5800.0 5.18991106373
9651.99514821 8900.7855718 6730.0289399 172.648478711 6100.0 6100.0 4.9888491339
9600.40439141 8833.05613186 6730.06329481 171.349890953 6000.0 6000.0 5.05168098697
9334.45915521 7785.70412622 6730.10869547 170.383900404 4300.0 4300.0 8.38176919978
9428.12996444 7731.03871411 6730.11405946 174.709524799 4200.0 4200.0 9.03522047172
9430.73320686 7731.02929526 6730.23672818 174.90124602 4200.0 4200.0 9.04778684234
9337.0253935 7785.69379273 6730.25304961 170.589016546 4300.0 4300.0 8.39433557039
9706.51287077 8969.08431527 6730.27857653 174.223402738 6200.0 6200.0 4.93858365144
9551.82752346 8765.91323195 6730.3404123 170.30149504 5900.0 5900.0 5.12707921066
9818.04774809 9107.42673478 6730.35058156 177.066787799 6400.0 6400.0 4.83805268653
9433.3368048 7731.01987992 6730.35916754 175.092852563 4200.0 4200.0 9.06035321295
9761.86987174 9037.96893614 6730.38399209 175.696027947 6300.0 6300.0 4.88831816899
9339.59204294 7785.68346313 6730.39712862 170.79400922 4300.0 4300.0 8.40690194101
9504.23855201 8699.40118814 6730.40787322 169.115416994 5800.0 5800.0 5.20247743434
9654.04260743 8900.75467807 6730.47368448 173.035819274 6100.0 6100.0 5.00141550451
9435.94075753 7731.01046811 6730.48137816 175.284344521 4200.0 4200.0 9.07291958357
9602.47426023 8833.02658374 6730.49639968 171.728630241 6000.0 6000.0 5.06424735759
9342.15910268 7785.67313741 6730.54093323 170.99887853 4300.0 4300.0 8.41946831162
9438.54506436 7731.00105981 6730.60336065 175.475721989 4200.0 4200.0 9.08548595418
9459.79930197 8633.50806339 6730.65354954 168.143581445 5700.0 5700.0 5.29044202865
9280.10060651 7841.17029838 6730.6692873 168.011542958 4400.0 4400.0 7.90424711643
9344.72657187 7785.66281557 6730.68446417 171.203624576 4300.0 4300.0 8.43203468224
9441.14972457 7730.99165503 6730.7251156 175.666985064 4200.0 4200.0 9.0980523248
9708.53903103 8969.05206325 6730.73412111 174.619075271 6200.0 6200.0 4.95115002206
9553.92089954 8765.88501465 6730.76103365 170.671377246 5900.0 5900.0 5.13964558127
9506.35570019 8699.37427464 6730.81574868 169.476407642 5800.0 5800.0 5.21504380496
9820.0322273 9107.39169791 6730.82691049 177.478948142 6400.0 6400.0 4.85061905714
9347.29444967 7785.65249762 6730.82772217 171.408247461 4300.0 4300.0 8.44460105285
9282.6322856 7841.15904697 6730.83412517 168.228878188 4400.0 4400.0 7.91681348705
9443.75473746 7730.98225375 6730.84664362 175.858133838 4200.0 4200.0 9.11061869541
9763.87503655 9037.93530283 6730.85006569 176.099974591 6300.0 6300.0 4.9008845396
9656.09088089 8900.72379587 6730.91786118 173.422942364 6100.0 6100.0 5.01398187513
9604.54494309 8832.99704668 6730.92893263 172.107155478 6000.0 6000.0 5.0768137282
9446.36010232 7730.97285599 6730.96794532 176.049168407 4200.0 4200.0 9.12318506602
9349.86273525 7785.64218355 6730.97070797 171.612747286 4300.0 4300.0 8.45716742346
9285.16442542 7841.14779981 6730.99864701 168.44608224 4400.0 4400.0 7.92937985766
9461.94127079 8633.4824357 6731.04785639 168.495447168 5700.0 5700.0 5.30300839926
9448.96581845 7730.96346173 6731.08902128 176.240088866 4200.0 4200.0 9.13575143664
9352.43142775 7785.63187336 6731.11342228 171.817124155 4300.0 4300.0 8.46973379408
9287.69702501 7841.13655691 6731.16285367 168.663155225 4400.0 4400.0 7.94194622828
9556.01508739 8765.85680794 6731.1810808 171.04104906 5900.0 5900.0 5.15221195189
9710.56600393 8969.01982324 6731.18910344 175.01452715 6200.0 6200.0 4.96371639267
9451.57188515 7730.95407098 6731.2098721 176.430895308 4200.0 4200.0 9.14831780725
9508.47365673 8699.34737128 6731.22304877 169.837191643 5800.0 5800.0 5.22761017557
9355.00052636 7785.62156705 6731.25586583 172.021378168 4300.0 4300.0 8.48230016469
9822.01751364 9107.35667399 6731.3026904 177.890881733 6400.0 6400.0 4.86318542776
9765.88101159 9037.90168199 6731.31558335 176.503697487 6300.0 6300.0 4.91345091021
9290.2300834 7841.12531825 6731.32674599 168.88009725 4400.0 4400.0 7.95451259889
9454.17830173 7730.94468373 6731.33049838 176.621587828 4200.0 4200.0 9.16088417787
9606.61643898 8832.96752068 6731.36089447 172.485466816 6000.0 6000.0 5.08938009882
9658.13996766 8900.6929252 6731.36147078 173.809848134 6100.0 6100.0 5.02654824574
9357.57003023 7785.6112646 6731.39803934 172.225509427 4300.0 4300.0 8.49486653531
9464.08404218 8633.45681767 6731.4415888 168.84711022 5700.0 5700.0 5.31557476987
9456.78506749 7730.93529999 6731.45090071 176.812166521 4200.0 4200.0 9.17345054848
9292.76359965 7841.11408384 6731.4903248 169.096908423 4400.0 4400.0 7.9670789695
9360.13993853 7785.60096603 6731.53994354 172.429518033 4300.0 4300.0 8.50743290592
9459.39218173 7730.92591974 6731.57107968 177.002631481 4200.0 4200.0 9.1860169191
9558.11008596 8765.82861182 6731.60055464 171.410510632 5900.0 5900.0 5.1647783225
9510.59242052 8699.32047804 6731.62977441 170.197769145 5800.0 5800.0 5.24017654619
9712.59378854 8968.98759522 6731.64352425 175.409758526 6200.0 6200.0 4.97628276329
9295.2975728 7841.10285368 6731.65359094 169.313588852 4400.0 4400.0 7.97964534012
9362.71025044 7785.59067133 6731.68157913 172.633404089 4300.0 4300.0 8.51999927654
9461.99964377 7730.916543 6731.69103588 177.192982801 4200.0 4200.0 9.19858328971
9767.88779601 9037.86807363 6731.78054575 176.907196788 6300.0 6300.0 4.92601728083
9422.9418707 8568.20290659 6731.78849601 168.043435379 5600.0 5600.0 5.41610573479
9608.6887469 8832.93800574 6731.79228604 172.863564404 6000.0 6000.0 5.10194646943
9660.18986676 8900.66206604 6731.80451407 174.196536733 6100.0 6100.0 5.03911461636
9464.60745292 7730.90716975 6731.8107699 177.383220576 4200.0 4200.0 9.21114966033
9297.8320019 7841.09162775 6731.81654523 169.530138646 4400.0 4400.0 7.99221171073
9365.28096513 7785.5803805 6731.82294683 172.837167696 4300.0 4300.0 8.53256564715
9466.22761499 8633.43120931 6731.83474773 169.198570751 5700.0 5700.0 5.32814114049
9467.21560848 7730.89779999 6731.93028231 177.573344899 4200.0 4200.0 9.22371603094
9367.85208178 7785.57009353 6731.96404736 173.040808954 4300.0 4300.0 8.54513201776
9300.36688601 7841.08040607 6731.97918851 169.746557911 4400.0 4400.0 8.00477808135
9560.20589421 8765.80042629 6732.01945604 171.779762112 5900.0 5900.0 5.17734469312
9512.71199047 8699.29359492 6732.03592653 170.558140298 5800.0 5800.0 5.2527429168
9469.82410977 7730.88843372 6732.0495737 177.763355865 4200.0 4200.0 9.23628240155
9714.62238397 8968.95537919 6732.09738427 175.804769551 6200.0 6200.0 4.9888491339
9370.42359956 7785.55981043 6732.10488142 173.244327966 4300.0 4300.0 8.55769838838
9302.90222418 7841.06918863 6732.14152159 169.962846755 4400.0 4400.0 8.01734445196
9425.11125207 8568.17856309 6732.16729404 168.38556235 5600.0 5600.0 5.4286721054
9472.43295612 7730.87907095 6732.16864465 177.953253567 4200.0 4200.0 9.24884877217
9610.76186585 8832.90850183 6732.22310817 173.241448392 6000.0 6000.0 5.11451284004
9468.37198809 8633.4056106 6732.22733417 169.549828907 5700.0 5700.0 5.3407075111
9769.89538895 9037.83447773 6732.2449536 177.310472643 6300.0 6300.0 4.93858365144
9372.99551766 7785.54953118 6732.24544972 173.447724831 4300.0 4300.0 8.57026475899
9662.24057725 8900.63121841 6732.24699182 174.583008314 6100.0 6100.0 5.05168098697
9305.43801547 7841.05797541 6732.30354531 170.179005287 4400.0 4400.0 8.02991082258
9375.56783527 7785.53925579 6732.38575296 173.650999652 4300.0 4300.0 8.58283112961
9562.30251109 8765.77225133 6732.43778589 172.148803649 5900.0 5900.0 5.18991106373
9514.83236549 8699.26672191 6732.44150605 170.91830525 5800.0 5800.0 5.26530928742
9307.97425895 7841.04676643 6732.46526048 170.395033613 4400.0 4400.0 8.04247719319
9378.14055156 7785.52898427 6732.52579185 173.854152529 4300.0 4300.0 8.59539750022
9263.74350235 7897.38481819 6732.53381925 168.076494183 4500.0 4500.0 7.60265422169
9427.28142531 8568.1542288 6732.5455229 168.727491149 5600.0 5600.0 5.44123847602
9716.65178931 8968.92317514 6732.55068425 176.199560375 6200.0 6200.0 5.00141550451
9470.51716034 8633.38002155 6732.61934909 169.900884835 5700.0 5700.0 5.35327388172
9310.51095367 7841.03556169 6732.62666791 170.610931841 4400.0 4400.0 8.0550435638
9612.83579482 8832.87900897 6732.6533617 173.61911893 6000.0 6000.0 5.12707921066
9380.71366574 7785.51871659 6732.66556709 174.057183562 4300.0 4300.0 8.60796387084
9664.29209817 8900.60038228 6732.68890483 174.969263025 6100.0 6100.0 5.06424735759
9771.90378952 9037.80089428 6732.70880757 177.713525205 6300.0 6300.0 4.95115002206
9266.24501448 7897.37265936 6732.71634915 168.304553823 4500.0 4500.0 7.6152205923
9313.04809872 7841.02436116 6732.78776843 170.826700078 4400.0 4400.0 8.06760993442
9383.28717698 7785.50845277 6732.80507937 174.260092853 4300.0 4300.0 8.62053024145
9516.95354448 8699.23985902 6732.8465139 171.27826415 5800.0 5800.0 5.27787565803
9564.39993554 8765.74408694 6732.85554507 172.517635393 5900.0 5900.0 5.20247743434
9268.7470261 7897.36050513 6732.8985315 168.532475916 4500.0 4500.0 7.62778696292
9429.45238924 8568.1299037 6732.92318361 169.069221921 5600.0 5600.0 5.45380484663
9389.53910458 8503.55734671 6732.93966827 168.063324428 5500.0 5500.0 5.55433581155
9385.86108449 7785.49819279 6732.9443294 174.462880501 4300.0 4300.0 8.63309661206
9315.58569315 7841.01316487 6732.94856284 171.042338432 4400.0 4400.0 8.08017630503
9718.68200363 8968.89098308 6733.00342493 176.594131148 6200.0 6200.0 5.01398187513
9472.66313061 8633.35444215 6733.01079344 170.251738684 5700.0 5700.0 5.36584025233
9271.2495362 7897.34835551 6733.0803672 168.760260573 4500.0 4500.0 7.64035333353
9614.91053283 8832.84952714 6733.08304744 173.996576169 6000.0 6000.0 5.13964558127
9388.43538746 7785.48793667 6733.08331785 174.665546608 4300.0 4300.0 8.64566298268
9318.12373604 7841.00197279 6733.10905194 171.257847009 4400.0 4400.0 8.09274267565
9666.34442857 8900.56955766 6733.13025386 175.355301017 6100.0 6100.0 5.0768137282
9391.01008509 7785.47768439 6733.22204543 174.868091274 4300.0 4300.0 8.65822935329
9519.07552635 8699.21300622 6733.250951 171.638017146 5800.0 5800.0 5.29044202865
9273.75254373 7897.33621048 6733.26185717 168.987907909 4500.0 4500.0 7.65291970414
9320.66222647 7840.99078494 6733.26923656 171.473225916 4400.0 4400.0 8.10530904626
9566.49816652 8765.71593311 6733.27273444 172.886257492 5900.0 5900.0 5.21504380496
9431.62414269 8568.10558779 6733.30027716 169.410754813 5600.0 5600.0 5.46637121725
9391.73679527 8503.5342636 6733.30222344 168.395531345 5500.0 5500.0 5.56690218216
9393.58517658 7785.46743595 6733.36051283 175.070514599 4300.0 4300.0 8.67079572391
9474.80989775 8633.32887239 6733.40166819 170.602390601 5700.0 5700.0 5.37840662295
9323.20116351 7840.9796013 6733.42911749 171.68847526 4400.0 4400.0 8.11787541688
9276.25604767 7897.32407006 6733.44300231 169.215418036 4500.0 4500.0 7.66548607476
9720.71302605 8968.85880298 6733.45560702 176.988482022 6200.0 6200.0 5.02654824574
9396.16066114 7785.45719136 6733.49872072 175.272816683 4300.0 4300.0 8.68336209452
9616.98607886 8832.82005634 6733.51216623 174.373820258 6000.0 6000.0 5.15221195189
9668.39756749 8900.53874453 6733.57103971 175.741122441 6100.0 6100.0 5.08938009882
9325.74054625 7840.96842188 6733.58869553 171.903595148 4400.0 4400.0 8.13044178749
9278.760047 7897.31193423 6733.62380351 169.442791066 4500.0 4500.0 7.67805244537
9398.73653796 7785.44695061 6733.6366698 175.474997626 4300.0 4300.0 8.69592846514
9521.19831002 8699.18616353 6733.65481826 171.997564386 5800.0 5800.0 5.30300839926
9393.93526429 8503.51118923 6733.66421734 168.727544801 5500.0 5500.0 5.57946855278
9433.79668448 8568.08128106 6733.67680457 169.752089971 5600.0 5600.0 5.47893758786
9568.59720299 8765.68778984 6733.68935488 173.254670096 5900.0 5900.0 5.22761017557
9328.28037378 7840.95724668 6733.74797148 172.118585686 4400.0 4400.0 8.1430081581
9401.31280627 7785.43671369 6733.77436074 175.677057529 4300.0 4300.0 8.70849483575
9476.95746065 8633.30331227 6733.79197432 170.952840733 5700.0 5700.0 5.39097299356
9281.26454069 7897.29980299 6733.80426169 169.670027111 4500.0 4500.0 7.69061881599
9330.82064517 7840.94607568 6733.90694614 172.333446981 4400.0 4400.0 8.15557452872
9722.74485565 8968.82663484 6733.90723127 177.382613147 6200.0 6200.0 5.03911461636
9403.88946526 7785.4264806 6733.91179423 175.878996491 4300.0 4300.0 8.72106120637
9619.06243192 8832.79059656 6733.9407189 174.750851346 6000.0 6000.0 5.1647783225
9283.76952771 7897.28767634 6733.98437773 169.897126285 4500.0 4500.0 7.7031851866
9670.45151399 8900.50794289 6734.01126315 176.126727446 6100.0 6100.0 5.10194646943
9254.48418233 7954.45086118 6734.01237665 168.160051426 4600.0 4600.0 7.32619406817
9396.13451042 8503.48812359 6734.02565101 169.059364942 5500.0 5500.0 5.59203492339
9406.46651416 7785.41625135 6734.04897094 176.080814611 4300.0 4300.0 8.73362757698
9359.69784121 8439.58927101 6734.04965019 168.174003425 5400.0 5400.0 5.70513225892
9435.97001345 8568.05698352 6734.05276684 170.09322754 5600.0 5600.0 5.49150395847
9523.32189439 8699.15933092 6734.05811662 172.356906019 5800.0 5800.0 5.31557476987
9333.36135952 7840.9349089 6734.0656203 172.54817914 4400.0 4400.0 8.16814089933
9570.69704391 8765.65965713 6734.10540727 173.622873353 5900.0 5900.0 5.24017654619
9286.27500707 7897.27555428 6734.16415252 170.124088699 4500.0 4500.0 7.71575155722
9479.10581816 8633.27776178 6734.18171279 171.303089226 5700.0 5700.0 5.40353936417
9409.04395217 7785.40602593 6734.18589155 176.282511991 4300.0 4300.0 8.74619394759
9256.95517811 7954.43776009 6734.21295506 168.398787457 4600.0 4600.0 7.33876043879
9335.90251592 7840.92374632 6734.22399476 172.762782268 4400.0 4400.0 8.18070726995
9411.62177852 7785.39580434 6734.32255673 176.484088728 4300.0 4300.0 8.75876031821
9288.78097773 7897.2634368 6734.34358696 170.350914466 4500.0 4500.0 7.72831792783
9724.77749153 8968.79447866 6734.35829842 177.776524673 6200.0 6200.0 5.05168098697
9621.13959101 8832.7611478 6734.36870627 175.127669584 6000.0 6000.0 5.17734469312
9338.44411346 7840.91258794 6734.38207029 172.977256472 4400.0 4400.0 8.19327364056
9398.33453246 8503.46506668 6734.3865255 169.39099191 5500.0 5500.0 5.604601294
9361.92464605 8439.56742262 6734.39529692 168.496128793 5400.0 5400.0 5.71769862953
9259.42671101 7954.42466396 6734.41315542 168.637379709 4600.0 4600.0 7.3513268094
9438.14412842 8568.03269515 6734.42816499 170.434167667 5600.0 5600.0 5.50407032909
9672.50626711 8900.47715273 6734.45092497 176.512116183 6100.0 6100.0 5.11451284004
9414.19999243 7785.38558658 6734.45896716 176.685544923 4300.0 4300.0 8.77132668882
9525.44627838 8699.1325084 6734.46084699 172.716042192 5800.0 5800.0 5.32814114049
9572.79768823 8765.63153496 6734.52089247 173.990867413 5900.0 5900.0 5.2527429168
9291.2874387 7897.25132391 6734.52268194 170.577603697 4500.0 4500.0 7.74088429845
9340.98615124 7840.90143376 6734.53984768 173.191601858 4400.0 4400.0 8.20584001118
9481.25496916 8633.25222092 6734.57088455 171.653136229 5700.0 5700.0 5.41610573479
9416.77859311 7785.37537264 6734.59512349 176.886880675 4300.0 4300.0 8.78389305944
9261.89877992 7954.4115728 6734.61297871 168.875828297 4600.0 4600.0 7.36389318001
9343.52862837 7840.89028379 6734.69732773 173.405818532 4400.0 4400.0 8.21840638179
9293.79438895 7897.23921559 6734.70143833 170.804156504 4500.0 4500.0 7.75345066906
9419.35757979 7785.36516252 6734.7310264 177.088096084 4300.0 4300.0 8.79645943005
9331.27029875 8376.33732174 6734.7311838 168.034093149 5300.0 5300.0 5.85592870629
9364.15221274 8439.54558251 6734.740393 168.818065617 5400.0 5400.0 5.73026500015
9400.53532921 8503.44201849 6734.74684185 169.722425851 5500.0 5500.0 5.61716766462
9623.21755514 8832.73171004 6734.79612917 175.504275121 6000.0 6000.0 5.18991106373
9440.31902822 8568.00841595 6734.80300001 170.774910497 5600.0 5600.0 5.5166366997
9264.37138376 7954.39848661 6734.81242588 169.114133339 4600.0 4600.0 7.37645955063
9346.07154395 7840.87913801 6734.8545112 173.6199066 4400.0 4400.0 8.23097275241
9527.5714609 8699.10569596 6734.86301028 173.074973053 5800.0 5800.0 5.3407075111
9421.9369517 7785.35495622 6734.86667655 177.289191247 4300.0 4300.0 8.80902580067
9296.3018275 7897.22711186 6734.87985703 171.030572999 4500.0 4500.0 7.76601703967
9674.56182589 8900.44637405 6734.89002593 176.897288802 6100.0 6100.0 5.12707921066
9574.8991349 8765.60342334 6734.93581137 174.358652424 5900.0 5900.0 5.26530928742
9483.40491252 8633.22668968 6734.95949057 172.002981888 5700.0 5700.0 5.4286721054
9249.72716363 8012.36119308 6734.96205552 168.066974113 4700.0 4700.0 7.06230028527
9424.51670807 7785.34475374 6735.00207461 177.490166266 4300.0 4300.0 8.82159217128
9348.61489707 7840.86799642 6735.01139888 173.833866167 4400.0 4400.0 8.24353912302
9266.84452142 7954.38540537 6735.01149791 169.352294951 4600.0 4600.0 7.38902592124
9298.80975333 7897.21501269 6735.0579389 171.256853294 4500.0 4500.0 7.77858341029
9333.52617004 8376.3166728 6735.05987937 168.346179804 5300.0 5300.0 5.86849507691
9366.38054003 8439.52375068 6735.08493952 169.139814039 5400.0 5400.0 5.74283137076
9402.73689947 8503.41897903 6735.10660109 170.053666908 5500.0 5500.0 5.62973403523
9427.09684813 7785.33455508 6735.13722123 177.691021238 4300.0 4300.0 8.83415854189
9351.15868686 7840.85685903 6735.16799154 174.04769734 4400.0 4400.0 8.25610549363
9442.4947117 8567.98414592 6735.1772729 171.115456175 5600.0 5600.0 5.52920307032
9252.16699263 8012.34711127 6735.18122166 168.316445504 4700.0 4700.0 7.07486665588
9269.31819182 7954.3723291 6735.21019575 169.590313252 4600.0 4600.0 7.40159229186
9625.29632331 8832.70228329 6735.22298842 175.880668105 6000.0 6000.0 5.20247743434
9301.31816545 7897.2029181 6735.23568482 171.4829975 4500.0 4500.0 7.7911497809
9529.69744086 8699.0788936 6735.26460742 173.433698751 5800.0 5800.0 5.35327388172
9429.67737111 7785.32436023 6735.27211707 177.891756262 4300.0 4300.0 8.84672491251
9353.70291241 7840.84572582 6735.32428996 174.261400223 4400.0 4400.0 8.26867186425
9676.6181894 8900.41560685 6735.32856683 177.282245453 6100.0 6100.0 5.13964558127
9485.55564712 8633.20116805 6735.34753181 172.352626349 5700.0 5700.0 5.44123847602
9577.0013829 8765.57532225 6735.35016483 174.726228536 5900.0 5900.0 5.27787565803
9335.78278495 8376.2960317 6735.38803661 168.658082885 5300.0 5300.0 5.88106144752
9254.60739564 8012.3330348 6735.39997994 168.565766933 4700.0 4700.0 7.0874330265
9271.79239387 7954.35925777 6735.40852037 169.828188357 4600.0 4600.0 7.41415866247
9303.82706286 7897.19082808 6735.41309568 171.709005729 4500.0 4500.0 7.80371615152
9368.60962669 8439.50192712 6735.42893753 169.461374203 5400.0 5400.0 5.75539774138
9404.93924203 8503.39594827 6735.46580426 170.384715225 5500.0 5500.0 5.64230040585
9356.24757284 7840.83459681 6735.48029491 174.474974923 4400.0 4400.0 8.28123823486
9444.67117768 8567.95988505 6735.55098467 171.455804848 5600.0 5600.0 5.54176944093
9306.33644457 7897.17874262 6735.59017233 171.934878093 4500.0 4500.0 7.81628252213
9308.84614536 8313.77711262 6735.60077777 168.248926167 5200.0 5200.0 6.03185789489
9274.26712649 7954.3461914 6735.60647271 170.065920383 4600.0 4600.0 7.42672503309
9257.0483715 8012.31896368 6735.6183314 168.814938521 4700.0 4700.0 7.09999939711
9358.79266728 7840.82347198 6735.63600715 174.688421544 4400.0 4400.0 8.29380460548
9627.37589452 8832.67286753 6735.64928485 176.256848687 6000.0 6000.0 5.21504380496
9251.80637201 8071.08226491 6735.65160294 168.081271357 4800.0 4800.0 6.8235392436
9531.82421719 8699.0521013 6735.66563932 173.792219433 5800.0 5800.0 5.36584025233
9338.04014223 8376.27539842 6735.71565662 168.969802535 5300.0 5300.0 5.89362781813
9487.70717182 8633.17565603 6735.73500923 172.70206976 5700.0 5700.0 5.45380484663
9579.10443118 8765.54723169 6735.76395373 175.093595896 5900.0 5900.0 5.29044202865
9678.67535668 8900.3848511 6735.76654843 177.666986284 6100.0 6100.0 5.15221195189
9308.84630958 7897.16666173 6735.76691565 172.160614701 4500.0 4500.0 7.82884889275
9370.83947151 8439.48011183 6735.77238811 169.78274625 5400.0 5400.0 5.76796411199
9361.33819483 7840.81235133 6735.79142745 174.901740193 4400.0 4400.0 8.30637097609
9276.7423886 7954.33312998 6735.80405373 170.303509446 4600.0 4600.0 7.4392914037
9407.1423557 8503.37292622 6735.82445241 170.715570946 5500.0 5500.0 5.65486677646
9259.48991906 8012.3048979 6735.83627704 169.063960391 4700.0 4700.0 7.11256576773
9254.21516645 8071.06717046 6735.88931358 168.341356417 4800.0 4800.0 6.83610561421
9311.13241958 8313.75764228 6735.91148692 168.55066613 5200.0 5200.0 6.04442426551
9446.848425 8567.93563334 6735.92413631 171.79595666 5600.0 5600.0 5.55433581155
9311.35665692 7897.1545854 6735.94332649 172.386215666 4500.0 4500.0 7.84141526336
9363.88415462 7840.80123486 6735.94655657 175.114930973 4400.0 4400.0 8.31893734671
9287.99049617 8251.96700971 6735.96104491 168.175773268 5100.0 5100.0 6.20778708349
9279.21817911 7954.32007351 6736.00126437 170.540955663 4600.0 4600.0 7.45185777431
9340.29824063 8376.25477297 6736.0427405 169.281338892 5300.0 5300.0 5.90619418875
9261.93203717 8012.29083746 6736.05381789 169.312832662 4700.0 4700.0 7.12513213834
9533.95178881 8699.02531907 6736.06610689 174.150535247 5800.0 5800.0 5.37840662295
9629.45626778 8832.64346276 6736.07501928 176.632817016 6000.0 6000.0 5.22761017557
9271.06359265 8190.90471783 6736.08496217 168.098464031 5000.0 5000.0 6.39628264271
9366.43054577 7840.79012257 6736.10139528 175.327993991 4400.0 4400.0 8.33150371732
9373.07007324 8439.4583048 6736.11529233 170.103930322 5400.0 5400.0 5.78053048261
9313.86748559 7897.14251363 6736.11940574 172.611681099 4500.0 4500.0 7.85398163397
9489.85948551 8633.15015362 6736.12192379 173.051312266 5700.0 5700.0 5.46637121725
9256.62456935 8071.05208174 6736.12658879 168.601285533 4800.0 4800.0 6.84867198483
9260.54453024 8130.59252581 6736.17554829 168.259940571 4900.0 4900.0 6.60991094315
9581.2082787 8765.51915165 6736.17717892 175.460754653 5900.0 5900.0 5.30300839926
9409.34623927 8503.34991288 6736.18254656 171.046234216 5500.0 5500.0 5.66743314708
9281.69449696 7954.30702198 6736.19810559 170.778259151 4600.0 4600.0 7.46442414493
9313.419415 8313.73817933 6736.22167392 168.852227815 5200.0 5200.0 6.05699063612
9290.30690864 8251.94868029 6736.25390353 168.467242604 5100.0 5100.0 6.22035345411
9368.97736741 7840.77901445 6736.25594433 175.540929351 4400.0 4400.0 8.34407008793
9264.37472468 8012.27678236 6736.27095495 169.561555456 4700.0 4700.0 7.13769850896
9316.37879461 7897.13044641 6736.29515423 172.83701111 4500.0 4500.0 7.86654800459
9449.02645251 8567.91139077 6736.29672882 172.135911757 5600.0 5600.0 5.56690218216
9273.41047621 8190.88749798 6736.35968801 168.379577817 5000.0 5000.0 6.40884901332
9259.03457953 8071.03699875 6736.36342965 168.861058828 4800.0 4800.0 6.86123835544
9342.5570789 8376.23415534 6736.36928933 169.592692096 5300.0 5300.0 5.91876055936
9284.17134107 7954.29397539 6736.39457833 171.015420025 4600.0 4600.0 7.47699051554
9371.52461867 7840.76791051 6736.41020448 175.753737157 4400.0 4400.0 8.35663645855
9262.92270115 8130.57638893 6736.43152915 168.530475241 4900.0 4900.0 6.62247731377
9375.30143067 8439.43650603 6736.45765125 170.424926561 5400.0 5400.0 5.79309685322
9536.08015462 8698.99854689 6736.46601104 174.508646339 5800.0 5800.0 5.39097299356
9318.890583 7897.11838375 6736.47057284 173.06220581 4500.0 4500.0 7.8791143752
9266.81798045 8012.26273258 6736.48768924 169.810128894 4700.0 4700.0 7.15026487957
9631.5374421 8832.61406898 6736.50019254 177.00857324 6000.0 6000.0 5.24017654619
9492.01258707 8633.12466081 6736.50827644 173.400354015 5700.0 5700.0 5.47893758786
9315.70713037 8313.71872377 6736.53133989 169.153611362 5200.0 5200.0 6.06955700674
9411.55089156 8503.32690824 6736.54008775 171.376705177 5500.0 5500.0 5.67999951769
9292.62401829 8251.93035783 6736.54625778 168.758538992 5100.0 5100.0 6.23291982472
9374.07229867 7840.75681074 6736.56417648 175.966417516 4400.0 4400.0 8.36920282916
9583.31292443 8765.49108213 6736.58984129 175.827704955 5900.0 5900.0 5.31557476987
9286.64871037 7954.28093375 6736.59068353 171.252438401 4600.0 4600.0 7.48955688616
9261.44519577 8071.0219215 6736.5998372 169.120676428 4800.0 4800.0 6.87380472605
9275.75803019 8190.87028467 6736.63392984 168.660524143 5000.0 5000.0 6.42141538394
9321.40284979 7897.10632564 6736.6456624 173.28726531 4500.0 4500.0 7.89168074582
9451.20525903 8567.88715735 6736.66876319 172.475670283 5600.0 5600.0 5.57946855278
9265.30151197 8130.56025818 6736.68704979 168.800848212 4900.0 4900.0 6.63504368438
9344.8166558 8376.21354553 6736.69530421 169.903862288 5300.0 5300.0 5.93132692998
9269.26180335 8012.24868814 6736.70402175 170.058553096 4700.0 4700.0 7.16283125018
9376.62040656 7840.74571514 6736.71786108 176.178970531 4400.0 4400.0 8.38176919978
9289.1266038 7954.26789703 6736.78642212 171.489314395 4600.0 4600.0 7.50212325677
9377.53354257 8439.41471551 6736.79946593 170.745735109 5400.0 5400.0 5.80566322383
9323.91559401 7897.09427208 6736.82042379 173.512189721 4500.0 4500.0 7.90424711643
9263.85641689 8071.00684997 6736.8358125 169.380138459 4800.0 4800.0 6.88637109667
9294.94182384 8251.91204233 6736.83810878 169.049662568 5100.0 5100.0 6.24548619534
9317.99556441 8313.6992756 6736.84048592 169.454816907 5200.0 5200.0 6.08212337735
9538.20931355 8698.97178477 6736.8653527 174.866552858 5800.0 5800.0 5.40353936417
9379.16894146 7840.7346237 6736.87125904 176.391396306 4400.0 4400.0 8.39433557039
9494.16647536 8633.0991776 6736.89406813 173.749195152 5700.0 5700.0 5.49150395847
9413.75631138 8503.30391229 6736.897077 171.706983974 5500.0 5500.0 5.6925658883
9278.10625334 8190.85307791 6736.90768875 168.941303142 5000.0 5000.0 6.43398175455
9271.70619222 8012.23464902 6736.9199535 170.306828183 4700.0 4700.0 7.1753976208
9633.61941649 8832.58468618 6736.92480544 177.384117509 6000.0 6000.0 5.2527429168
9267.68096149 8130.54413356 6736.94211131 169.071059612 4900.0 4900.0 6.647610055
9291.6050203 7954.25486525 6736.98179504 171.726048124 4600.0 4600.0 7.51468962739
9326.42881468 7897.08222306 6736.99485784 173.736979152 4500.0 4500.0 7.91681348705
9585.41836732 8765.46302313 6737.00194169 176.194446951 5900.0 5900.0 5.32814114049
9347.07697008 8376.19294354 6737.02078621 170.214849608 5300.0 5300.0 5.94389330059
9381.71790253 7840.72353643 6737.02437109 176.603694947 4400.0 4400.0 8.40690194101
9453.38484342 8567.86293307 6737.04024043 172.815232385 5600.0 5600.0 5.59203492339
9266.2682417 8070.99178416 6737.07135661 169.639445044 4800.0 4800.0 6.89893746728
9297.26032404 8251.89373379 6737.12945763 169.340613465 5100.0 5100.0 6.25805256595
9274.15114594 8012.22061522 6737.13548549 170.554954276 4700.0 4700.0 7.18796399141
9379.76640772 8439.39293324 6737.14073743 171.066356107 5400.0 5400.0 5.81822959445
9320.28471588 8313.6798348 6737.14911312 169.755844588 5200.0 5200.0 6.09468974796
9328.94251083 7897.07017859 6737.1689654 173.961633716 4500.0 4500.0 7.92937985766
9294.0839588 7954.2418384 6737.17680322 171.962639703 4600.0 4600.0 7.527255998
9384.26728889 7840.71245332 6737.17719799 176.815866558 4400.0 4400.0 8.41946831162
9280.45514439 8190.83587768 6737.18096585 169.221914946 5000.0 5000.0 6.44654812517
9270.06104846 8130.52801506 6737.19671479 169.34110957 4900.0 4900.0 6.66017642561
9415.96249752 8503.28092503 6737.25351535 172.037070749 5500.0 5500.0 5.70513225892
9540.33926453 8698.9450327 6737.26413276 175.224254951 5800.0 5800.0 5.41610573479
9496.32114929 8633.07370397 6737.27929982 174.097835825 5700.0 5700.0 5.50407032909
9268.680669 8070.97672407 6737.30647057 169.898596308 4800.0 4800.0 6.9115038379
9386.81709969 7840.70137437 6737.32974047 177.027911243 4400.0 4400.0 8.43203468224
9331.4566815 7897.05813866 6737.34274732 174.18615352 4500.0 4500.0 7.94194622828
9349.3380205 8376.17234935 6737.34573643 170.525654194 5300.0 5300.0 5.95645967121
9635.70218995 8832.55531435 6737.34885881 177.759449972 6000.0 6000.0 5.26530928742
9276.59666338 8012.20658675 6737.35061871 170.802931495 4700.0 4700.0 7.20053036203
9296.56341826 7954.22881648 6737.37144759 172.199089247 4600.0 4600.0 7.53982236862
9455.56520452 8567.83871792 6737.41116152 173.154598206 5600.0 5600.0 5.604601294
9587.52460635 8765.43497463 6737.41348099 176.560980788 5900.0 5900.0 5.3407075111
9299.57951764 8251.8754322 6737.42030544 169.631391819 5100.0 5100.0 6.27061893657
9272.44177167 8130.51190269 6737.45086131 169.610998214 4900.0 4900.0 6.67274279622
9282.80470211 8190.81868399 6737.45376223 169.502359685 5000.0 5000.0 6.45911449578
9322.57458353 8313.66040138 6737.45722259 170.056694541 5200.0 5200.0 6.10725611858
9382.00002491 8439.37115921 6737.48146681 171.386789698 5400.0 5400.0 5.83079596506
9389.36733408 7840.69029957 6737.48199927 177.239829106 4400.0 4400.0 8.44460105285
9333.97132573 7897.04610326 6737.51620443 174.410538677 4500.0 4500.0 7.95451259889
9271.09369762 8070.9616697 6737.54115543 170.157592376 4800.0 4800.0 6.92407020851
9279.04274342 8012.19256359 6737.56535415 171.05075996 4700.0 4700.0 7.21309673264
9299.0433976 7954.21579948 6737.56572908 172.435396872 4600.0 4600.0 7.55238873923
9418.16944881 8503.25794645 6737.60940383 172.366965646 5500.0 5500.0 5.71769862953
9391.91799121 7840.67922893 6737.63397513 177.45162025 4400.0 4400.0 8.45716742346
9542.47000648 8698.91829066 6737.66235214 175.581752765 5800.0 5800.0 5.4286721054
9498.47660772 8633.04823993 6737.66397246 174.446276178 5700.0 5700.0 5.5166366997
9351.59980583 8376.15176297 6737.67015594 170.836276187 5300.0 5300.0 5.96902604182
9336.48644256 7897.03407241 6737.68933757 174.634789296 4500.0 4500.0 7.9670789695
9274.8231299 8130.49579644 6737.70455195 169.880725673 4900.0 4900.0 6.68530916684
9301.89940337 8251.85713756 6737.71065331 169.921997765 5100.0 5100.0 6.28318530718
9285.15492525 8190.80149682 6737.72607901 169.782637492 5000.0 5000.0 6.47168086639
9301.52389579 7954.2027874 6737.75964861 172.671562694 4600.0 4600.0 7.56495510984
9324.8651661 8313.64097534 6737.76481543 170.357366905 5200.0 5200.0 6.11982248919
9273.50732638 8070.94662104 6737.77541224 170.416433373 4800.0 4800.0 6.93663657913
9281.48938491 8012.17854574 6737.77969282 171.298439791 4700.0 4700.0 7.22566310326
9457.74634116 8567.8145119 6737.78152745 173.493767891 5600.0 5600.0 5.61716766462
9394.46907022 7840.66816244 6737.78566878 177.663284781 4400.0 4400.0 8.46973379408
9384.23439292 8439.34939342 6737.82165513 171.707036023 5400.0 5400.0 5.84336233568
9589.63164048 8765.40693663 6737.82446006 176.927306615 5900.0 5900.0 5.35327388172
9339.00203103 7897.02204608 6737.86214759 174.858905486 4500.0 4500.0 7.97964534012
9397.02057028 7840.6571001 6737.93708096 177.874822802 4400.0 4400.0 8.48230016469
9304.00491178 7954.18978024 6737.95320711 172.907586827 4600.0 4600.0 7.57752148046
9277.20512192 8130.4796963 6737.95778778 170.150292073 4900.0 4900.0 6.69787553745
9420.37716406 8503.23497655 6737.96474346 172.696668808 5500.0 5500.0 5.73026500015
9283.93658675 8012.16453321 6737.99363569 171.545971108 4700.0 4700.0 7.23822947387
9353.86232483 8376.13118438 6737.99404582 171.146715725 5300.0 5300.0 5.98159241243
9287.50581257 8190.78431619 6737.99791726 170.062748497 5000.0 5000.0 6.48424723701
9304.21998 8251.83884986 6738.00050235 170.212431435 5100.0 5100.0 6.29575167779
9275.92155409 8070.93157809 6738.00924202 170.675119421 4800.0 4800.0 6.94920294974
9341.51809019 7897.01002429 6738.0346353 175.082887358 4500.0 4500.0 7.99221171073
9500.63284954 8633.02278547 6738.04808701 174.794516358 5700.0 5700.0 5.52920307032
9544.60153832 8698.89155866 6738.06001175 175.939046448 5800.0 5800.0 5.44123847602
9327.15646235 8313.62155666 6738.07189273 170.657861816 5200.0 5200.0 6.13238885981
9306.48644451 7954.176778 6738.14640548 173.143469387 4600.0 4600.0 7.59008785107
9459.92825221 8567.79031501 6738.15133922 173.832741586 5600.0 5600.0 5.62973403523
9386.46951054 8439.32763587 6738.16130344 172.027095223 5400.0 5400.0 5.85592870629
9344.03461908 7896.99800702 6738.20680155 175.306735022 4500.0 4500.0 8.00477808135
9286.38434781 8012.15052598 6738.20718376 171.793354032 4700.0 4700.0 7.25079584449
9279.58774653 8130.46360228 6738.21056987 170.419697544 4900.0 4900.0 6.71044190807
9591.73946868 8765.37890912 6738.23487977 177.29342458 5900.0 5900.0 5.36584025233
9278.33637958 8070.91654085 6738.24264582 170.933650647 4800.0 4800.0 6.96176932035
9289.85736283 8190.76714207 6738.26927809 170.342692833 5000.0 5000.0 6.49681360762
9306.54124626 8251.8205691 6738.28985365 170.502692966 5100.0 5100.0 6.30831804841
9356.12557626 8376.1106136 6738.31740716 171.456972948 5300.0 5300.0 5.99415878305
9422.58564207 8503.21201533 6738.31953526 173.026180378 5500.0 5500.0 5.74283137076
9308.96849296 7954.16378067 6738.33924465 173.379210489 4600.0 4600.0 7.60265422169
9329.44847103 8313.60214535 6738.37845557 170.95817941 5200.0 5200.0 6.14495523042
9346.55161675 7896.98599428 6738.37864717 175.530448586 4500.0 4500.0 8.01734445196
9288.83266699 8012.13652406 6738.420338 172.040588681 4700.0 4700.0 7.2633622151
9502.78987365 8632.99734057 6738.4316444 175.142556511 5700.0 5700.0 5.54176944093
9546.73385897 8698.86483669 6738.45711249 176.296136145 5800.0 5800.0 5.45380484663
9281.9710025 8130.44751436 6738.46289931 170.688942214 4900.0 4900.0 6.72300827868
9280.75180168 8070.90150931 6738.47562468 171.192027173 4800.0 4800.0 6.97433569097
9388.70537655 8439.30588655 6738.5004128 172.346967439 5400.0 5400.0 5.86849507691
9462.11093651 8567.76612723 6738.5205978 174.171519434 5600.0 5600.0 5.64230040585
9311.45105607 7954.15078825 6738.53172552 173.614810248 4600.0 4600.0 7.6152205923
9292.20957479 8190.74997448 6738.54016258 170.62247063 5000.0 5000.0 6.50937997824
9349.06908227 7896.97398607 6738.55017296 175.754028162 4500.0 4500.0 8.02991082258
9308.86320092 8251.80229528 6738.57870831 170.79278249 5100.0 5100.0 6.32088441902
9291.28154315 8012.12252745 6738.6330994 172.287675177 4700.0 4700.0 7.27592858571
9358.3895589 8376.0900506 6738.64024102 171.767047995 5300.0 5300.0 6.00672515366
9593.84808992 8765.3508921 6738.64474096 177.659334831 5900.0 5900.0 5.37840662295
9424.79488168 8503.18906278 6738.67378025 173.3555005 5500.0 5500.0 5.75539774138
9331.7411909 8313.58274139 6738.68450506 171.258319826 5200.0 5200.0 6.15752160104
9283.16781922 8070.88648347 6738.70817962 171.450249124 4800.0 4800.0 6.98690206158
9284.35488864 8130.43143255 6738.71477714 170.958026209 4900.0 4900.0 6.7355746493
9351.58701468 7896.96198237 6738.72137977 175.977473857 4500.0 4500.0 8.04247719319
9313.93413282 7954.13780074 6738.72384901 173.850268778 4600.0 4600.0 7.62778696292
9294.56244723 8190.7328134 6738.81057182 170.90208202 5000.0 5000.0 6.52194634885
9504.94767891 8632.97190525 6738.8146456 175.490396783 5700.0 5700.0 5.55433581155
9390.94198974 8439.28414545 6738.83898425 172.666652812 5400.0 5400.0 5.88106144752
9293.73097521 8012.10853613 6738.84546894 172.534613638 4700.0 4700.0 7.28849495633
9548.86696737 8698.83812475 6738.85365528 176.653022004 5800.0 5800.0 5.46637121725
9311.18584273 8251.7840284 6738.86706741 171.082700143 5100.0 5100.0 6.33345078964
9464.29439291 8567.74194857 6738.88930419 174.510101581 5600.0 5600.0 5.65486677646
9354.10541305 7896.94998319 6738.89226841 176.200785782 4500.0 4500.0 8.0550435638
9316.41772216 7954.12481814 6738.91561602 174.085586195 4600.0 4600.0 7.64035333353
9285.58443104 8070.87146332 6738.94031168 171.708316623 4800.0 4800.0 6.9994684322
9360.65427152 8376.06949539 6738.96254847 172.076941006 5300.0 5300.0 6.01929152428
9286.73940374 8130.41535684 6738.96620444 171.226949657 4900.0 4900.0 6.74814101991
9334.03462072 8313.56334479 6738.99004227 171.558283198 5200.0 5200.0 6.17008797165
9427.00488169 8503.16611889 6739.02747946 173.684629315 5500.0 5500.0 5.76796411199
9296.18096204 8012.0945501 6739.05744758 172.781404183 4700.0 4700.0 7.30106132694
9356.62427644 7896.93798853 6739.06283969 176.423964045 4500.0 4500.0 8.06760993442
9296.91597892 8190.71565883 6739.08050689 171.181527133 5000.0 5000.0 6.53451271947
9318.90182307 7954.11184043 6739.10702746 174.320762613 4600.0 4600.0 7.65291970414
9313.50917045 8251.76576844 6739.15493205 171.372446058 5100.0 5100.0 6.34601716025
9288.00163596 8070.85644887 6739.17202188 171.966229794 4800.0 4800.0 7.01203480281
9393.17934892 8439.26241257 6739.17701885 172.986151484 5400.0 5400.0 5.89362781813
9507.10626423 8632.94647949 6739.19709153 175.838037319 5700.0 5700.0 5.56690218216
9289.12454658 8130.39928723 6739.21718227 171.495712687 4900.0 4900.0 6.76070739053
9359.14360391 7896.92599838 6739.23309444 176.647008756 4500.0 4500.0 8.08017630503
9551.00086245 8698.81142282 6739.249641 177.009704172 5800.0 5800.0 5.47893758786
9466.47862026 8567.71777902 6739.25745937 174.84848817 5600.0 5600.0 5.66743314708
9298.63150255 8012.08056937 6739.26903631 173.028046933 4700.0 4700.0 7.31362769756
9362.91971288 8376.04894796 6739.2843306 172.386652118 5300.0 5300.0 6.03185789489
9336.32875925 8313.54395555 6739.2950683 171.858069665 5200.0 5200.0 6.18265434226
9321.38643453 7954.09886763 6739.29808422 174.555798147 4600.0 4600.0 7.66548607476
9299.27016862 8190.69851077 6739.34996887 171.4608061 5000.0 5000.0 6.54707909008
9429.21564093 8503.14318366 6739.3806339 174.013566967 5500.0 5500.0 5.78053048261
9361.66339453 7896.91401274 6739.40303346 176.869920023 4500.0 4500.0 8.09274267565
9290.41943284 8070.84144011 6739.40331123 172.223988762 4800.0 4800.0 7.02460117343
9315.83318286 8251.74751541 6739.44230333 171.662020368 5100.0 5100.0 6.35858353087
9291.51031598 8130.38322371 6739.46771169 171.764315425 4900.0 4900.0 6.77327376114
9301.08259563 8012.06659393 6739.48023609 173.274542006 4700.0 4700.0 7.32619406817
9323.8715555 7954.08589972 6739.48878722 174.790692911 4600.0 4600.0 7.67805244537
9395.41745287 8439.2406879 6739.51451764 173.305463596 5400.0 5400.0 5.90619418875
9364.18364737 7896.90203161 6739.57265756 177.092697957 4500.0 4500.0 8.10530904626
9509.2656285 8632.92106328 6739.57898316 176.185478264 5700.0 5700.0 5.57946855278
9338.62360525 8313.52457365 6739.59958422 172.157679362 5200.0 5200.0 6.19522071288
9365.18588178 8376.02840831 6739.60558846 172.696181471 5300.0 5300.0 6.04442426551
9301.62501511 8190.68136921 6739.61895885 171.739919053 5000.0 5000.0 6.5596454607
9468.66361741 8567.69361857 6739.62506433 175.186679345 5600.0 5600.0 5.67999951769
9292.83782051 8070.82643704 6739.63418077 172.481593648 4800.0 4800.0 7.03716754404
9553.13554313 8698.78473091 6739.64507058 177.366182795 5800.0 5800.0 5.49150395847
9326.35718496 7954.07293671 6739.67913733 175.025447018 4600.0 4600.0 7.69061881599
9303.53424018 8012.05262378 6739.69104788 173.520889522 4700.0 4700.0 7.33876043879
9293.89671073 8130.36716628 6739.71779375 172.032757999 4900.0 4900.0 6.78584013175
9318.1578787 8251.7292693 6739.72918231 171.951423208 5100.0 5100.0 6.37114990148
9431.42715822 8503.12025709 6739.73324459 174.342313599 5500.0 5500.0 5.79309685322
9366.7043615 7896.89005498 6739.74196755 177.315342664 4500.0 4500.0 8.11787541688
9397.65630038 8439.21897145 6739.85148166 173.624589287 5400.0 5400.0 5.91876055936
9295.25679782 8070.81143965 6739.86463151 172.739044577 4800.0 4800.0 7.04973391466
9328.8433219 7954.05997859 6739.86913546 175.260060585 4600.0 4600.0 7.7031851866
9303.98051718 8190.66423416 6739.88747789 172.018866121 5000.0 5000.0 6.57221183131
9305.98643512 8012.03865891 6739.90147266 173.7670896 4700.0 4700.0 7.3513268094
9340.9191575 8313.50519909 6739.90359112 172.457112426 5200.0 5200.0 6.20778708349
9369.225536 7896.87808286 6739.91096425 177.537854255 4500.0 4500.0 8.13044178749
9367.45277697 8376.00787644 6739.92632313 173.005529204 5300.0 5300.0 6.05699063612
9511.4257706 8632.89565663 6739.96032142 176.532719765 5700.0 5700.0 5.59203492339
9296.28372965 8130.35111495 6739.96742951 172.301040536 4900.0 4900.0 6.79840650237
9470.84938323 8567.66946723 6739.99212003 175.524675252 5600.0 5600.0 5.6925658883
9320.48325675 8251.7110301 6740.01557009 172.240654712 5100.0 5100.0 6.38371627209
9555.27100834 8698.758049 6740.0399449 177.72245802 5800.0 5800.0 5.50407032909
9331.3299653 7954.04702536 6740.0587825 175.494533724 4600.0 4600.0 7.71575155722
9371.74716995 7896.86611524 6740.07964844 177.760232837 4500.0 4500.0 8.1430081581
9433.63943238 8503.09733916 6740.08531255 174.670869353 5500.0 5500.0 5.80566322383
9297.67636362 8070.79644794 6740.09466447 172.996341672 4800.0 4800.0 7.06230028527
9308.43917935 8012.02469932 6740.11151137 174.013142358 4700.0 4700.0 7.36389318001
9306.3366736 8190.6471056 6740.15552707 172.297647435 5000.0 5000.0 6.58477820192
9399.89589027 8439.19726321 6740.18791196 173.9435287 5400.0 5400.0 5.93132692998
9343.21541477 8313.48583187 6740.20709007 172.756368993 5200.0 5200.0 6.22035345411
9298.67137153 8130.33506969 6740.21662001 172.569163163 4900.0 4900.0 6.81097287298
9369.72039725 8375.98735233 6740.24653566 173.314695455 5300.0 5300.0 6.06955700674
9374.26926242 7896.85415211 6740.24802093 177.982478519 4500.0 4500.0 8.15557452872
9333.81711414 7954.03407701 6740.24807933 175.728866549 4600.0 4600.0 7.72831792783
9322.80931578 8251.69279782 6740.30146774 172.529715011 5100.0 5100.0 6.39628264271
9310.89247177 8012.01074501 6740.32116498 174.259047915 4700.0 4700.0 7.37645955063
9300.09651677 8070.7814619 6740.32428065 173.253485056 4800.0 4800.0 7.07486665588
9513.58668943 8632.87025953 6740.34110725 176.879761967 5700.0 5700.0 5.604601294
9473.03591657 8567.64532497 6740.35862748 175.862476033 5600.0 5600.0 5.70513225892
9308.69348317 8190.62998353 6740.42310746 172.576263126 5000.0 5000.0 6.59734457254
9435.85246225 8503.07442988 6740.43683879 174.999234371 5500.0 5500.0 5.81822959445
9336.30476741 7954.02113354 6740.43702684 175.963059175 4600.0 4600.0 7.74088429845
9301.0596352 8130.31903052 6740.46536631 172.837126006 4900.0 4900.0 6.8235392436
9345.51237582 8313.46647199 6740.51008214 173.055449199 5200.0 5200.0 6.23291982472
9402.13622133 8439.17556316 6740.52380958 174.262281973 5400.0 5400.0 5.94389330059
9313.34631131 8011.99679597 6740.53043444 174.50480639 4700.0 4700.0 7.38902592124
9302.5172561 8070.76648155 6740.55348106 173.510474852 4800.0 4800.0 7.0874330265
9371.9887414 8375.96683599 6740.56622712 173.623680363 5300.0 5300.0 6.08212337735
9325.13605457 8251.67457245 6740.58687635 172.818604241 5100.0 5100.0 6.40884901332
9338.79292411 7954.00819496 6740.62562591 176.197111714 4600.0 4600.0 7.75345066906
9311.05094465 8190.61286796 6740.69022012 172.854713323 5000.0 5000.0 6.60991094315
9303.44851946 8130.30299742 6740.71366944 173.104929194 4900.0 4900.0 6.83610561421
9515.74838388 8632.84487196 6740.7213416 177.226605014 5700.0 5700.0 5.61716766462
9475.22321628 8567.62119181 6740.72458763 176.200081832 5600.0 5600.0 5.71769862953
9315.80069688 8011.98285221 6740.73932071 174.750417902 4700.0 4700.0 7.40159229186
9304.93858049 8070.75150686 6740.78226671 173.767311183 4800.0 4800.0 7.09999939711
9438.06624664 8503.05152925 6740.78782431 175.327408795 5500.0 5500.0 5.83079596506
9347.81003943 8313.44711944 6740.81256842 173.35435318 5200.0 5200.0 6.24548619534
9341.28158323 7953.99526125 6740.81387743 176.431024282 4600.0 4600.0 7.76601703967
9404.37729236 8439.15387132 6740.85917556 174.580849249 5400.0 5400.0 5.95645967121
9327.46347189 8251.65635398 6740.87179698 173.107322534 5100.0 5100.0 6.42141538394
9374.2578082 8375.94632741 6740.88539857 173.932484065 5300.0 5300.0 6.09468974796
9318.2556274 8011.96891371 6740.94782473 174.995882569 4700.0 4700.0 7.41415866247
9313.40905686 8190.59575887 6740.95686613 173.132998157 5000.0 5000.0 6.62247731377
9305.83802313 8130.2869704 6740.96153045 173.372572851 4900.0 4900.0 6.84867198483
9343.77074377 7953.98233242 6741.00178226 176.664796991 4600.0 4600.0 7.77858341029
9307.3604888 8070.73653784 6741.01063861 174.023994171 4800.0 4800.0 7.11256576773
9477.41128124 8567.59706772 6741.09000148 176.537492795 5600.0 5600.0 5.73026500015
9517.91085286 8632.81949393 6741.1010254 177.573249052 5700.0 5700.0 5.62973403523
9350.10840438 8313.42777422 6741.11454996 173.653081072 5200.0 5200.0 6.25805256595
9440.2807844 8503.02863724 6741.13827013 175.655392769 5500.0 5500.0 5.84336233568
9320.71110179 8011.95498048 6741.15594746 175.24120051 4700.0 4700.0 7.42672503309
9329.79156652 8251.63814242 6741.15623071 173.395870024 5100.0 5100.0 6.43398175455
9346.26040472 7953.96940846 6741.18934128 176.898429954 4600.0 4600.0 7.7911497809
9406.61910218 8439.13218766 6741.19401093 174.899230667 5400.0 5400.0 5.96902604182
9376.52759645 8375.92582658 6741.20405106 174.241106701 5300.0 5300.0 6.10725611858
9308.22814504 8130.27094945 6741.20895038 173.640057106 4900.0 4900.0 6.86123835544
9315.76781857 8190.57865626 6741.22304654 173.411117759 5000.0 5000.0 6.63504368438
9309.78297988 8070.72157448 6741.23859775 174.28052394 4800.0 4800.0 7.12513213834
9323.16711898 8011.94105252 6741.36368982 175.486371842 4700.0 4700.0 7.4392914037
9348.7505651 7953.95648937 6741.37655536 177.131923286 4600.0 4600.0 7.80371615152
9352.40746945 8313.40843632 6741.41602784 173.951633011 5200.0 5200.0 6.27061893657
9332.12033724 8251.61993775 6741.44017861 173.684246843 5100.0 5100.0 6.44654812517
9479.6001103 8567.57295272 6741.45486998 176.874709063 5600.0 5600.0 5.74283137076
9310.618884 8130.25493456 6741.45593027 173.907382084 4900.0 4900.0 6.87380472605
9312.2060526 8070.70661679 6741.46614513 174.536900612 4800.0 4800.0 7.13769850896
9520.07409525 8632.79412543 6741.4801596 177.919694226 5700.0 5700.0 5.64230040585
9442.49607435 8503.00575387 6741.48817726 175.983186433 5500.0 5500.0 5.85592870629
9318.12722858 8190.56156014 6741.48876241 173.689072257 5000.0 5000.0 6.647610055
9378.79810492 8375.90533351 6741.52218566 174.549548407 5300.0 5300.0 6.11982248919
9408.86164958 8439.1105122 6741.52831673 175.217426367 5400.0 5400.0 5.98159241243
9351.2412239 7953.94357515 6741.56342538 177.365277099 4600.0 4600.0 7.81628252213
9325.62367789 8011.92712981 6741.57105278 175.731396684 4700.0 4700.0 7.45185777431
9314.62970585 8070.69166476 6741.69328174 174.79312431 4800.0 4800.0 7.15026487957
9313.01023884 8130.23892574 6741.70247114 174.174547912 4900.0 4900.0 6.88637109667
9354.70723342 8313.38910573 6741.71700313 174.250009132 5200.0 5200.0 6.28318530718
9334.44978283 8251.60173998 6741.72364175 173.972453124 5100.0 5100.0 6.45911449578
9353.73238014 7953.93066579 6741.7499522 177.598491506 4600.0 4600.0 7.82884889275
9320.48728571 8190.54447048 6741.75401481 173.966861782 5000.0 5000.0 6.66017642561
9328.08077746 8011.91321237 6741.77803725 175.976275153 4700.0 4700.0 7.46442414493
9481.78970233 8567.54884679 6741.81919413 177.21173078 5600.0 5600.0 5.75539774138
9444.71211532 8502.98287913 6741.8375467 176.31078993 5500.0 5500.0 5.86849507691
9381.06933242 8375.88484818 6741.8398034 174.857809323 5300.0 5300.0 6.13238885981
9411.10493337 8439.08884492 6741.86209399 175.535436489 5400.0 5400.0 5.99415878305
9317.05393847 8070.67671837 6741.92000858 175.049195155 4800.0 4800.0 7.16283125018
9356.22403283 7953.91776129 6741.93613669 177.83156662 4600.0 4600.0 7.84141526336
9315.4022084 8130.22292298 6741.94857403 174.441554715 4900.0 4900.0 6.89893746728
9330.53841663 8011.89930017 6741.98464419 176.221007369 4700.0 4700.0 7.47699051554
9336.77990209 8251.5835491 6742.00662119 174.260489 5100.0 5100.0 6.47168086639
9357.00769507 8313.36978246 6742.01747688 174.548209571 5200.0 5200.0 6.29575167779
9322.84798873 8190.5273873 6742.01880478 174.244486463 5000.0 5000.0 6.67274279622
9319.47874936 8070.66177765 6742.14632664 175.30511327 4800.0 4800.0 7.1753976208
9383.34127773 8375.8643706 6742.15690536 175.165889587 5300.0 5300.0 6.14495523042
9483.98005619 8567.52474993 6742.18297488 177.548558091 5600.0 5600.0 5.76796411199
9446.92890616 8502.960013 6742.18637945 176.638203402 5500.0 5500.0 5.88106144752
9332.99659431 8011.88539323 6742.19087452 176.465593448 4700.0 4700.0 7.48955688616
9317.79479149 8130.20692628 6742.19423997 174.708402621 4900.0 4900.0 6.9115038379
9413.34895238 8439.06718581 6742.19534374 175.853261174 5400.0 5400.0 6.00672515366
9325.20933647 8190.51031059 6742.28313337 174.52194643 5000.0 5000.0 6.68530916684
9339.1106938 8251.5653651 6742.28911799 174.548354604 5100.0 5100.0 6.48424723701
9359.3088532 8313.3504665 6742.31745017 174.846234462 5200.0 5200.0 6.30831804841
9321.90413739 8070.64684257 6742.3722369 175.560878778 4800.0 4800.0 7.18796399141
9335.45530947 8011.87149154 6742.39672917 176.710033508 4700.0 4700.0 7.50212325677
9320.18798697 8130.19093563 6742.43946998 174.975091756 4900.0 4900.0 6.92407020851
9385.61393966 8375.84390076 6742.47349256 175.473789334 5300.0 5300.0 6.15752160104
9415.59370541 8439.04553489 6742.52806701 176.170900561 5400.0 5400.0 6.01929152428
9449.1464457 8502.93715549 6742.53467652 176.96542699 5500.0 5500.0 5.89362781813
9486.17117075 8567.50066213 6742.54621322 177.885191138 5600.0 5600.0 5.78053048261
9327.57132772 8190.49324034 6742.54700164 174.799241813 5000.0 5000.0 6.69787553745
9341.44215675 8251.54718798 6742.57113322 174.836050069 5100.0 5100.0 6.49681360762
9324.33010144 8070.63191313 6742.59774034 175.816491799 4800.0 4800.0 7.20053036203
9337.91456103 8011.85759509 6742.60220906 176.954327667 4700.0 4700.0 7.51468962739
9361.6107066 8313.33115785 6742.61692404 175.144083943 5200.0 5200.0 6.32088441902
9322.58179366 8130.17495103 6742.68426508 175.241622244 4900.0 4900.0 6.93663657913
9387.887317 8375.82343865 6742.78956606 175.781508705 5300.0 5300.0 6.17008797165
9340.37434795 8011.84370389 6742.80731514 177.198476043 4700.0 4700.0 7.527255998
9329.9339613 8190.47617655 6742.81041062 175.076372741 5000.0 5000.0 6.71044190807
9326.75664039 8070.61698934 6742.82283796 176.071952457 4800.0 4800.0 7.21309673264
9343.77428974 8251.52901775 6742.85266792 175.123575526 5100.0 5100.0 6.50937997824
9417.83919128 8439.02389213 6742.86026483 176.48835479 5400.0 5400.0 6.03185789489
9451.36473279 8502.9143066 6742.88243891 177.292460835 5500.0 5500.0 5.90619418875
9363.91325405 8313.3118565 6742.91589955 175.441758147 5200.0 5200.0 6.33345078964
9324.9762104 8130.15897248 6742.9286263 175.507994212 4900.0 4900.0 6.94920294974
9342.83466917 8011.82981792 6743.01204831 177.442478752 4700.0 4700.0 7.53982236862
9329.18375313 8070.60207118 6743.04753071 176.327260872 4800.0 4800.0 7.22566310326
9332.29723602 8190.45911922 6743.07336138 175.353339342 5000.0 5000.0 6.72300827868
9390.16140856 8375.80298427 6743.10512691 176.089047835 5300.0 5300.0 6.18265434226
9346.10709158 8251.51085439 6743.13372317 175.410931108 5100.0 5100.0 6.52194634885
9327.37123605 8130.14299997 6743.17255465 175.774207786 4900.0 4900.0 6.96176932035
9420.08540881 8439.00225753 6743.19193822 176.805624001 5400.0 5400.0 6.04442426551
9366.21649435 8313.29256245 6743.21437775 175.739257209 5200.0 5200.0 6.34601716025
9345.29552365 8011.81593719 6743.21640949 177.686335912 4700.0 4700.0 7.55238873923
9453.58376625 8502.89146631 6743.22966762 177.619305081 5500.0 5500.0 5.91876055936
9331.61143856 8070.58715867 6743.27181959 176.582417167 4800.0 4800.0 7.23822947387
9334.66115069 8190.44206834 6743.33585493 175.630141746 5000.0 5000.0 6.7355746493
9348.44056104 8251.49269789 6743.41429999 175.698116947 5100.0 5100.0 6.53451271947
9329.76686944 8130.1270335 6743.41605115 176.04026309 4900.0 4900.0 6.97433569097
9392.43621313 8375.78253761 6743.42017614 176.396406863 5300.0 5300.0 6.19522071288
9347.75691033 8011.8020617 6743.42039961 177.93004764 4700.0 4700.0 7.56495510984
9334.03969556 8070.57225178 6743.49570556 176.837421463 4800.0 4800.0 7.25079584449
9368.52042631 8313.27327569 6743.51235971 176.036581266 5200.0 5200.0 6.35858353087
9422.33235681 8438.9806311 6743.52308821 177.122708333 5400.0 5400.0 6.05699063612
9455.80354494 8502.86863462 6743.57636364 177.945959867 5500.0 5500.0 5.93132692998
9337.02570413 8190.42502391 6743.59789233 175.906780083 5000.0 5000.0 6.74814101991
9332.16310942 8130.11107306 6743.6591168 176.306160252 4900.0 4900.0 6.98690206158
9350.77469695 8251.47454827 6743.69439946 175.985133176 5100.0 5100.0 6.54707909008
9336.46852303 8070.55735053 6743.7191896 177.092273882 4800.0 4800.0 7.2633622151
9394.71172953 8375.76209868 6743.7347148 176.703585926 5300.0 5300.0 6.20778708349
9370.82504871 8313.25399622 6743.80984646 176.33373045 5200.0 5200.0 6.37114990148
9424.58003412 8438.95901282 6743.85371581 177.439607926 5400.0 5400.0 6.06955700674
9339.39089516 8190.40798592 6743.85947461 176.183254481 5000.0 5000.0 6.76070739053
9334.55995485 8130.09511866 6743.90175262 176.571899395 4900.0 4900.0 6.9994684322
9338.89791986 8070.5424549 6743.94227266 177.346974544 4800.0 4800.0 7.27592858571
9353.1094981 8251.45640551 6743.97402261 176.271979926 5100.0 5100.0 6.5596454607
9396.98795656 8375.74166746 6744.04874392 177.01058516 5300.0 5300.0 6.22035345411
9373.13036036 8313.23472404 6744.10683906 176.630704898 5200.0 5200.0 6.38371627209
9341.75672262 8190.39095438 6744.1206028 176.459565068 5000.0 5000.0 6.77327376114
9336.95740457 8130.07917029 6744.14395962 176.837480645 4900.0 4900.0 7.01203480281
9341.32788497 8070.52756489 6744.16495572 177.601523571 4800.0 4800.0 7.28849495633
9426.82843954 8438.9374027 6744.18382204 177.756322919 5400.0 5400.0 6.08212337735
9355.44496331 8251.4382696 6744.25317048 176.558657329 5100.0 5100.0 6.57221183131
9399.26489304 8375.72124396 6744.36226454 177.317404704 5300.0 5300.0 6.23291982472
9344.12318531 8190.37392928 6744.38127793 176.735711974 5000.0 5000.0 6.78584013175
9339.35545745 8130.06322795 6744.38573879 177.102904127 4900.0 4900.0 7.02460117343
9343.75841724 8070.5126805 6744.38723974 177.855921085 4800.0 4800.0 7.30106132694
9375.43636007 8313.21545913 6744.40333855 176.927504744 5200.0 5200.0 6.39628264271
9357.78109138 8251.42014056 6744.53184413 176.845165517 5100.0 5100.0 6.58477820192
9341.75411235 8130.04729163 6744.62709113 177.368169967 4900.0 4900.0 7.03716754404
9346.49028207 8190.35691061 6744.64150103 177.011695326 5000.0 5000.0 6.79840650237
9401.54253777 8375.70082817 6744.67527769 177.624044693 5300.0 5300.0 6.24548619534
9377.74304665 8313.19620151 6744.69934596 177.224130122 5200.0 5200.0 6.40884901332
9360.11788113 8251.40201836 6744.81004459 177.131504621 5100.0 5100.0 6.59734457254
9344.15336813 8130.03136132 6744.86801766 177.633278288 4900.0 4900.0 7.04973391466
9348.85801174 8190.33989837 6744.90127313 177.287515254 5000.0 5000.0 6.81097287298
9403.82088958 8375.68042007 6744.98778441 177.930505265 5300.0 5300.0 6.25805256595
9380.05041889 8313.17695116 6744.99486235 177.520581166 5200.0 5200.0 6.42141538394
9362.45533138 8251.38390301 6745.0877729 177.417674774 5100.0 5100.0 6.60991094315
9346.55322366 8130.01543704 6745.10851935 177.898229217 4900.0 4900.0 7.06230028527
9351.22637315 8190.32289257 6745.16059525 177.563171886 5000.0 5000.0 6.8235392436
9382.35847563 8313.15770808 6745.28988874 177.816858011 5200.0 5200.0 6.43398175455
9364.79344093 8251.3657945 6745.36503009 177.703676106 5100.0 5100.0 6.62247731377
9353.59536513 8190.30589318 6745.4194684 177.838665349 5000.0 5000.0 6.83610561421
9367.13220862 8251.34769284 6745.64181719 177.989508749 5100.0 5100.0 6.63504368438
