14036.9205227 13420.9751462 9726.82412349 169.732635546 9500.0 9500.0 6.40884901332
13915.4001198 13280.7714857 9729.1186132 169.025287942 9300.0 9300.0 6.53451271947
13982.2596263 13350.5543216 9729.92622288 170.941609149 9400.0 9400.0 6.53451271947
14049.5341718 13420.7122459 9730.71267245 172.839642759 9500.0 9500.0 6.53451271947
13795.8943911 13142.1190063 9731.19068345 168.094057059 9100.0 9100.0 6.66017642561
13861.8279741 13211.1272634 9732.07250256 170.082939059 9200.0 9200.0 6.66017642561
13928.1906847 13280.5224721 9732.93103366 172.053376585 9300.0 9300.0 6.66017642561
13994.975884 13350.2986255 9733.76702675 174.005284975 9400.0 9400.0 6.66017642561
13743.446413 13073.274886 9733.98616551 168.998539739 9000.0 9000.0 6.78584013175
14062.1770368 13420.4498101 9734.5812053 175.938594733 9500.0 9500.0 6.66017642561
13808.8666882 13141.8836002 9734.92288182 171.042218233 9100.0 9100.0 6.78584013175
13874.7237884 13210.885305 9735.83482349 173.067250272 9200.0 9200.0 6.78584013175
13691.6287497 13004.8432656 9736.67159626 169.803597843 8900.0 8900.0 6.9115038379
13941.0109573 13280.2739007 9736.72278533 175.073532685 9300.0 9300.0 6.78584013175
14007.7215436 13350.0433821 9737.58753443 177.060978449 9400.0 9400.0 6.78584013175
13756.5266319 13073.0463793 9737.66584659 171.902498989 9000.0 9000.0 6.9115038379
13576.5454845 12869.4505701 9738.15953646 168.335342296 8700.0 8700.0 7.03716754404
13821.8691674 13141.6486141 9738.63376981 173.982575687 9100.0 9100.0 6.9115038379
13640.4520408 12936.830207 9739.24290313 170.508674008 8800.0 8800.0 7.03716754404
13887.6494822 13210.6437771 9739.57620665 176.04370493 9200.0 9200.0 6.9115038379
13704.8183081 13004.6215719 9740.29740566 172.663192197 8900.0 8900.0 7.03716754404
13526.5696712 12802.2866244 9740.54778186 168.883842459 8600.0 8600.0 7.16283125018
13769.6371873 13072.818281 9741.3239624 174.798733648 9000.0 9000.0 7.03716754404
13589.9270511 12869.2418616 9741.69593208 171.113252757 8700.0 8700.0 7.16283125018
13834.9016864 13141.414047 9742.32346097 176.915154143 9100.0 9100.0 7.03716754404
13477.2660712 12735.5600594 9742.81057745 169.331080572 8500.0 8500.0 7.28849495633
13653.752348 12936.6152383 9742.81348472 173.323748482 8800.0 8800.0 7.16283125018
13718.0383444 13004.4002752 9743.90140667 175.515142661 8900.0 8900.0 7.16283125018
13540.0646626 12802.0844715 9744.02645279 171.616863047 8600.0 8600.0 7.28849495633
13428.6457988 12669.2773011 9744.94354934 169.676672912 8400.0 8400.0 7.41415866247
13782.7779305 13072.5905901 9744.96063323 177.687268433 9000.0 9000.0 7.16283125018
13603.3395039 12869.0335286 9745.20993092 173.883660718 8700.0 8700.0 7.28849495633
13490.8758672 12735.3643694 9746.23016477 172.019080886 8500.0 8500.0 7.41415866247
13667.0832598 12936.4006554 9746.36202766 176.131261341 8800.0 8800.0 7.28849495633
13380.7200619 12603.4448673 9746.94226475 169.920287858 8300.0 8300.0 7.53982236862
13553.5906425 12801.882683 9747.48251834 174.342466574 8600.0 8600.0 7.41415866247
13442.3717565 12669.0879796 9748.30270445 172.319532018 8400.0 8400.0 7.53982236862
13616.7826728 12868.82557 9748.70167486 176.646590902 8700.0 8700.0 7.41415866247
13333.5001512 12538.0693683 9748.80224111 170.061648692 8200.0 8200.0 7.66548607476
13504.516736 12735.1690327 9749.62695432 174.699751139 8500.0 8500.0 7.53982236862
13394.5635121 12603.2618185 9750.23965338 172.517894663 8300.0 8300.0 7.66548607476
13286.9974269 12473.1575071 9750.51895635 170.100536463 8100.0 8100.0 7.7911497809
13567.1474331 12801.6812578 9750.9161279 177.060677721 8600.0 8600.0 7.53982236862
13456.1288526 12668.8990005 9751.63888687 174.95514961 8400.0 8400.0 7.66548607476
13347.4623931 12537.8924948 9752.03654757 172.613902331 8200.0 8200.0 7.7911497809
13241.2233046 12408.7160799 9752.08786049 170.036792903 8000.0 8000.0 7.91681348705
13518.1884923 12734.9740484 9753.00110317 177.373115958 8500.0 8500.0 7.66548607476
13196.1892396 12344.7519763 9753.50438865 169.8703234 7900.0 7900.0 8.04247719319
13408.4381458 12603.0791013 9753.51391314 175.108350038 8300.0 8300.0 7.7911497809
13301.0797236 12472.9867101 9753.68888811 172.607346685 8100.0 8100.0 7.91681348705
13151.9067093 12281.2721794 9754.76397546 169.601100012 7800.0 7800.0 8.16814089933
13469.9168939 12668.710363 9754.9522615 177.583550251 8400.0 8400.0 7.7911497809
13255.4268777 12408.5512591 9755.19215302 172.498080459 8000.0 8000.0 8.04247719319
13361.4558422 12537.7159422 9755.24758903 175.159096146 8200.0 8200.0 7.91681348705
13108.3871945 12218.2837661 9755.86207108 169.229164527 7700.0 7700.0 8.29380460548
13210.5152637 12344.5930301 9756.54181056 172.286020435 7900.0 7900.0 8.16814089933
13422.3437622 12602.8967148 9756.76521686 177.69167847 8300.0 8300.0 7.91681348705
13065.6421587 12155.7939069 9756.79415866 168.754631565 7600.0 7600.0 8.41946831162
13315.1932284 12472.8162235 9756.83544008 175.107190189 8100.0 8100.0 8.04247719319
13023.6830257 12093.8098659 9757.55577352 168.177691706 7500.0 7500.0 8.54513201776
13166.3563064 12281.1190049 9757.73333391 171.97115046 7800.0 7800.0 8.29380460548
13269.6616359 12408.3867384 9758.27297363 174.952495889 8000.0 8000.0 8.16814089933
13375.48029 12537.5397098 9758.43554633 177.697254532 8200.0 8200.0 8.04247719319
13122.9614279 12218.1362589 9758.76221743 171.553524505 7700.0 7700.0 8.41946831162
13224.8724246 12344.4343738 9759.55569237 174.694941399 7900.0 7900.0 8.29380460548
13080.3420267 12155.6519615 9759.62399438 171.033269771 7600.0 7600.0 8.54513201776
13329.3377251 12472.6460465 9759.95880117 177.600091275 8100.0 8100.0 8.16814089933
13038.5094551 12093.6733755 9760.31425632 170.410589809 7500.0 7500.0 8.67079572391
13180.8369655 12280.9661101 9760.67910932 174.334522331 7800.0 7800.0 8.41946831162
12997.4749948 12032.2078573 9760.82867399 169.685767685 7400.0 7400.0 8.79645943005
12957.249831 11971.2628565 9761.16301995 168.859169151 7300.0 7300.0 8.9221231362
13283.9273549 12408.2225169 9761.33051932 177.400063383 8000.0 8000.0 8.29380460548
13137.5666206 12217.9890215 9761.63876431 173.871304814 7700.0 7700.0 8.54513201776
13095.0727223 12155.5102761 9762.43024193 173.305428597 7600.0 7600.0 8.67079572391
13239.2604901 12344.2760065 9762.54623919 177.09711036 7900.0 7900.0 8.41946831162
13053.3665503 12093.5371354 9763.04919113 172.637110176 7500.0 7500.0 8.79645943005
13012.4593073 12032.0769549 9763.49134632 171.866645954 7400.0 7400.0 8.9221231362
13195.3484463 12280.8134942 9763.60151489 176.691239559 7800.0 7800.0 8.54513201776
12894.6414596 11850.8491225 9763.71616132 168.946607728 7100.0 7100.0 9.29911425463
12972.3620924 11971.1371828 9763.75255006 170.994415405 7300.0 7300.0 9.04778684234
12933.085874 11910.7253608 9763.82877734 170.020884269 7200.0 7200.0 9.17345054848
13152.2025246 12217.8420531 9764.49193291 176.18252924 7700.0 7700.0 8.67079572391
12835.94841 11732.6287187 9765.17731114 168.44589323 6900.0 6900.0 9.67610537306
13109.8339899 12155.3688499 9765.2131304 175.571131675 7600.0 7600.0 8.79645943005
12872.568078 11791.4057468 9765.75403634 169.764959329 7000.0 7000.0 9.55044166691
13068.2540483 12093.401145 9765.7608148 174.857276271 7500.0 7500.0 8.9221231362
13027.4738222 12031.9462926 9766.13078522 174.041272731 7400.0 7400.0 9.04778684234
12910.0408438 11850.7337884 9766.13426799 170.984741376 7100.0 7100.0 9.42477796077
12987.5043242 11971.01174 9766.31895523 173.123514222 7300.0 7300.0 9.17345054848
12948.3564289 11910.6050277 9766.32137718 172.104480556 7200.0 7200.0 9.29911425463
12816.0076657 11674.3097866 9766.57058733 168.924948776 6800.0 6800.0 9.92743278534
12732.7531295 11229.02621 9766.99633219 168.975500118 6000.0 6000.0 12.1893794959
12726.0873028 11282.57769 9767.28518394 168.533161884 6100.0 6100.0 11.8123883775
12851.6349474 11732.5232418 9767.42264058 170.387583754 6900.0 6900.0 9.8017690792
12797.2255703 11616.5670263 9767.58824097 169.211002173 6700.0 6700.0 10.1787601976
12733.8120085 11391.5132998 9767.88540401 168.463429867 6300.0 6300.0 11.1840698468
13124.6255757 12155.2276823 9767.97288699 177.830402544 7600.0 7600.0 8.9221231362
12888.1254729 11791.2955036 9768.07471351 171.75187935 7000.0 7000.0 9.67610537306
12779.6093939 11559.4081535 9768.22863513 169.305830019 6600.0 6600.0 10.4300876099
12749.8317501 11228.9598426 9768.37622265 170.465760601 6000.0 6000.0 12.3150432021
12747.8982309 11446.873362 9768.37622993 168.929812841 6400.0 6400.0 10.9327424345
13083.1716879 12093.2654036 9768.44936206 177.071111461 7500.0 7500.0 9.04778684234
12763.1652861 11502.8409699 9768.49115129 169.211387614 6500.0 6500.0 10.6814150222
12925.469348 11850.6186665 9768.52982459 173.016961918 7100.0 7100.0 9.55044166691
12737.6615995 11336.6944946 9768.60700094 169.409344771 6200.0 6200.0 11.5610609652
12831.8511829 11674.209149 9768.71866198 170.815930389 6800.0 6800.0 10.0530964915
13042.5182715 12031.8158699 9768.74723277 176.209671204 7400.0 7400.0 9.17345054848
12743.0052339 11282.5074073 9768.76605388 170.075212338 6100.0 6100.0 11.9380520836
12963.6564081 11910.4849158 9768.79124808 174.182057479 7200.0 7200.0 9.42477796077
13002.6762515 11970.8865275 9768.86248461 175.246488593 7300.0 7300.0 9.29911425463
12750.4180291 11391.4349012 9769.56124293 170.106393434 6300.0 6300.0 11.3097335529
12813.2248869 11616.4710974 9769.63970923 171.051619179 6700.0 6700.0 10.3044239038
12867.3496005 11732.4179594 9769.6461461 172.323599047 6900.0 6900.0 9.92743278534
12766.9305688 11228.8935975 9769.74080802 171.951565713 6000.0 6000.0 12.4407069082
12764.3555106 11446.7907761 9770.14393284 170.621582752 6400.0 6400.0 11.0584061406
12754.4365476 11336.6202907 9770.17539596 170.999182239 6200.0 6200.0 11.6867246714
12795.7630931 11559.3168027 9770.18436265 171.096444791 6600.0 6600.0 10.5557513161
12759.9445175 11282.4372541 9770.23063315 171.612658401 6100.0 6100.0 12.0637157898
12779.4717167 11502.7540667 9770.35221952 170.952380641 6500.0 6500.0 10.8070787283
12903.71136 11791.1854633 9770.37331708 173.733015902 7000.0 7000.0 9.8017690792
12847.7221102 11674.108697 9770.84546644 172.701367689 6800.0 6800.0 10.1787601976
12940.9266877 11850.5037564 9770.90309042 175.043291827 7100.0 7100.0 9.67610537306
12767.0474415 11391.3566472 9771.21907257 171.7444707 6300.0 6300.0 11.4353972591
12978.985533 11910.3650245 9771.23864319 176.253637729 7200.0 7200.0 9.55044166691
13017.8776019 11970.7615447 9771.38338479 177.36336142 7300.0 7300.0 9.42477796077
12829.2508712 11616.3753454 9771.67049774 172.886823137 6700.0 6700.0 10.4300876099
12776.9048905 11282.3672301 9771.67916409 173.145518801 6100.0 6100.0 12.1893794959
12771.2337358 11336.5462236 9771.72676197 172.584284291 6200.0 6200.0 11.8123883775
12883.092078 11732.3128708 9771.84809458 174.253961016 6900.0 6900.0 10.0530964915
12780.8370406 11446.7083425 9771.89291913 172.308334606 6400.0 6400.0 11.1840698468
12811.942684 11559.2256204 9772.12003487 172.881778041 6600.0 6600.0 10.6814150222
12795.8032321 11502.6673238 9772.19388792 172.68822384 6500.0 6500.0 10.9327424345
12919.325453 11791.0756255 9772.65010892 175.708391132 7000.0 7000.0 9.92743278534
12783.6999668 11391.2785374 9772.85915042 173.377681313 6300.0 6300.0 11.5610609652
12863.620156 11674.00843 9772.9512685 174.581282233 6800.0 6800.0 10.3044239038
12793.8860945 11282.2973349 9773.11188478 174.673812174 6100.0 6100.0 12.3150432021
12956.4125816 11850.3890574 9773.25432184 177.063753483 7100.0 7100.0 9.8017690792
12788.0528948 11336.4722929 9773.26134718 174.164670073 6200.0 6200.0 11.9380520836
12797.3425371 11446.6260609 9773.62345029 173.990088452 6400.0 6400.0 11.3097335529
12845.3032323 11616.2797698 9773.6808742 174.716635244 6700.0 6700.0 10.5557513161
12812.1595449 11502.5807408 9774.01642107 174.418937653 6500.0 6500.0 11.0584061406
12898.8620922 11732.2079755 9774.02874952 176.178691471 6900.0 6900.0 10.1787601976
12828.1478768 11559.1346061 9774.03591843 174.661850593 6600.0 6600.0 10.8070787283
12800.3753302 11391.2005714 9774.4817297 175.006044829 6300.0 6300.0 11.6867246714
12810.8878751 11282.2275682 9774.52902913 176.19755707 6100.0 6100.0 12.4407069082
12804.8937597 11336.3984981 9774.77939559 175.740358639 6200.0 6200.0 12.0637157898
12934.9674685 11790.9659895 9774.90534772 177.678027096 7000.0 7000.0 10.0530964915
12879.5450321 11673.9083475 9775.03633237 176.455695482 6800.0 6800.0 10.4300876099
12813.8717207 11446.5439308 9775.33578367 175.666864248 6400.0 6400.0 11.4353972591
12861.3816826 11616.1843702 9775.67110257 176.541076601 6700.0 6700.0 10.6814150222
12828.5403721 11502.4943172 9775.82007948 176.144542427 6500.0 6500.0 11.1840698468
12844.378386 11559.0437594 9775.93227606 176.436683176 6600.0 6600.0 10.9327424345
12817.073261 11391.1227489 9776.0870595 176.62958071 6300.0 6300.0 11.8123883775
12821.7560697 11336.324839 9776.28114704 177.311368953 6200.0 6200.0 12.1893794959
12830.4243163 11446.4619517 9777.03017255 177.338681856 6400.0 6400.0 11.5610609652
12844.9454349 11502.4080525 9777.6051197 177.865058416 6500.0 6500.0 11.3097335529
